0.000000
115.000000
156.000000
187.000000
210.000000
219.000000
228.000000
233.000000
236.000000
241.000000
242.000000
242.000000
245.000000
246.000000
247.000000
247.000000
249.000000
251.000000
252.000000
253.000000
255.000000
256.000000
257.000000
258.000000
258.000000
259.000000
259.000000
258.000000
258.000000
257.000000
257.000000
257.000000
257.000000
249.000000
249.000000
250.000000
251.000000
251.000000
251.000000
252.000000
252.000000
253.000000
254.000000
255.000000
255.000000
255.000000
256.000000
256.000000
256.000000
257.000000
256.000000
257.000000
257.000000
258.000000
258.000000
258.000000
259.000000
259.000000
259.000000
259.000000
259.000000
259.000000
259.000000
259.000000
260.000000
260.000000
260.000000
260.000000
260.000000
260.000000
259.000000
259.000000
259.000000
260.000000
260.000000
260.000000
259.000000
259.000000
259.000000
260.000000
260.000000
260.000000
261.000000
261.000000
261.000000
262.000000
262.000000
262.000000
263.000000
263.000000
264.000000
264.000000
265.000000
266.000000
266.000000
267.000000
267.000000
268.000000
268.000000
268.000000
269.000000
269.000000
270.000000
268.000000
268.000000
268.000000
268.000000
268.000000
269.000000
269.000000
270.000000
270.000000
270.000000
270.000000
271.000000
271.000000
271.000000
271.000000
272.000000
272.000000
272.000000
272.000000
272.000000
273.000000
273.000000
273.000000
273.000000
273.000000
273.000000
273.000000
274.000000
274.000000
274.000000
274.000000
274.000000
274.000000
274.000000
274.000000
274.000000
274.000000
274.000000
274.000000
273.000000
273.000000
273.000000
273.000000
273.000000
273.000000
273.000000
273.000000
272.000000
272.000000
272.000000
273.000000
273.000000
273.000000
273.000000
273.000000
273.000000
273.000000
273.000000
272.000000
272.000000
272.000000
272.000000
272.000000
272.000000
272.000000
270.000000
270.000000
270.000000
270.000000
270.000000
270.000000
270.000000
270.000000
270.000000
270.000000
270.000000
270.000000
270.000000
270.000000
270.000000
270.000000
270.000000
270.000000
270.000000
271.000000
271.000000
271.000000
271.000000
271.000000
271.000000
270.000000
270.000000
270.000000
270.000000
270.000000
270.000000
269.000000
269.000000
269.000000
269.000000
269.000000
269.000000
269.000000
268.000000
268.000000
268.000000
268.000000
268.000000
267.000000
267.000000
267.000000
267.000000
267.000000
267.000000
267.000000
267.000000
266.000000
266.000000
266.000000
266.000000
266.000000
266.000000
266.000000
266.000000
265.000000
265.000000
265.000000
265.000000
265.000000
265.000000
265.000000
264.000000
264.000000
263.000000
263.000000
263.000000
263.000000
263.000000
263.000000
263.000000
263.000000
263.000000
263.000000
263.000000
263.000000
263.000000
263.000000
263.000000
263.000000
263.000000
263.000000
263.000000
263.000000
263.000000
263.000000
264.000000
263.000000
263.000000
263.000000
263.000000
263.000000
263.000000
263.000000
263.000000
263.000000
263.000000
263.000000
263.000000
263.000000
263.000000
263.000000
263.000000
263.000000
263.000000
263.000000
263.000000
263.000000
263.000000
263.000000
263.000000
263.000000
263.000000
263.000000
263.000000
263.000000
262.000000
263.000000
263.000000
263.000000
263.000000
263.000000
263.000000
262.000000
262.000000
261.000000
261.000000
261.000000
261.000000
261.000000
261.000000
261.000000
261.000000
261.000000
261.000000
261.000000
261.000000
261.000000
261.000000
261.000000
261.000000
261.000000
261.000000
261.000000
261.000000
261.000000
261.000000
261.000000
261.000000
261.000000
261.000000
261.000000
261.000000
261.000000
261.000000
262.000000
262.000000
262.000000
262.000000
262.000000
262.000000
262.000000
262.000000
263.000000
263.000000
263.000000
263.000000
262.000000
262.000000
262.000000
262.000000
262.000000
262.000000
262.000000
262.000000
262.000000
262.000000
262.000000
262.000000
262.000000
262.000000
262.000000
262.000000
262.000000
261.000000
261.000000
261.000000
261.000000
261.000000
261.000000
261.000000
261.000000
261.000000
261.000000
261.000000
261.000000
261.000000
261.000000
261.000000
261.000000
261.000000
261.000000
261.000000
260.000000
260.000000
260.000000
260.000000
260.000000
260.000000
260.000000
260.000000
260.000000
260.000000
260.000000
260.000000
260.000000
260.000000
260.000000
260.000000
260.000000
260.000000
260.000000
260.000000
260.000000
260.000000
260.000000
260.000000
260.000000
260.000000
260.000000
259.000000
259.000000
259.000000
259.000000
259.000000
259.000000
259.000000
259.000000
259.000000
259.000000
259.000000
259.000000
259.000000
259.000000
259.000000
259.000000
259.000000
258.000000
258.000000
258.000000
258.000000
258.000000
258.000000
258.000000
258.000000
258.000000
258.000000
258.000000
258.000000
258.000000
258.000000
258.000000
258.000000
258.000000
258.000000
258.000000
258.000000
258.000000
259.000000
259.000000
259.000000
259.000000
259.000000
259.000000
259.000000
258.000000
259.000000
258.000000
258.000000
258.000000
258.000000
258.000000
258.000000
258.000000
258.000000
258.000000
258.000000
259.000000
259.000000
259.000000
259.000000
259.000000
259.000000
259.000000
259.000000
259.000000
259.000000
259.000000
259.000000
260.000000
260.000000
260.000000
260.000000
260.000000
260.000000
260.000000
260.000000
260.000000
260.000000
260.000000
260.000000
260.000000
260.000000
260.000000
260.000000
260.000000
260.000000
260.000000
260.000000
260.000000
260.000000
260.000000
260.000000
260.000000
260.000000
260.000000
260.000000
260.000000
260.000000
261.000000
261.000000
261.000000
261.000000
261.000000
261.000000
261.000000
261.000000
261.000000
261.000000
261.000000
261.000000
261.000000
261.000000
261.000000
261.000000
261.000000
261.000000
261.000000
261.000000
260.000000
260.000000
260.000000
260.000000
260.000000
260.000000
260.000000
260.000000
260.000000
260.000000
260.000000
260.000000
260.000000
260.000000
260.000000
260.000000
260.000000
260.000000
260.000000
260.000000
260.000000
260.000000
260.000000
260.000000
260.000000
260.000000
260.000000
260.000000
259.000000
260.000000
260.000000
259.000000
259.000000
259.000000
259.000000
259.000000
259.000000
259.000000
259.000000
259.000000
259.000000
259.000000
259.000000
259.000000
259.000000
259.000000
259.000000
259.000000
259.000000
259.000000
259.000000
259.000000
259.000000
259.000000
259.000000
259.000000
259.000000
259.000000
259.000000
259.000000
259.000000
259.000000
259.000000
259.000000
259.000000
259.000000
259.000000
259.000000
259.000000
259.000000
259.000000
259.000000
259.000000
259.000000
259.000000
259.000000
259.000000
259.000000
259.000000
259.000000
259.000000
259.000000
259.000000
259.000000
259.000000
258.000000
258.000000
258.000000
258.000000
259.000000
258.000000
258.000000
258.000000
258.000000
258.000000
258.000000
258.000000
258.000000
258.000000
258.000000
258.000000
258.000000
258.000000
257.000000
257.000000
257.000000
257.000000
257.000000
257.000000
257.000000
257.000000
257.000000
257.000000
257.000000
257.000000
257.000000
257.000000
257.000000
257.000000
257.000000
257.000000
257.000000
257.000000
257.000000
257.000000
257.000000
257.000000
256.000000
256.000000
256.000000
256.000000
256.000000
256.000000
256.000000
256.000000
256.000000
256.000000
256.000000
256.000000
256.000000
256.000000
256.000000
256.000000
256.000000
256.000000
256.000000
256.000000
256.000000
256.000000
256.000000
256.000000
256.000000
255.000000
255.000000
255.000000
255.000000
255.000000
255.000000
255.000000
255.000000
255.000000
255.000000
255.000000
255.000000
255.000000
255.000000
255.000000
255.000000
255.000000
255.000000
255.000000
255.000000
255.000000
255.000000
255.000000
255.000000
255.000000
255.000000
255.000000
255.000000
255.000000
255.000000
255.000000
255.000000
255.000000
255.000000
255.000000
255.000000
255.000000
255.000000
254.000000
254.000000
254.000000
254.000000
255.000000
255.000000
255.000000
255.000000
255.000000
255.000000
255.000000
255.000000
255.000000
255.000000
255.000000
255.000000
255.000000
255.000000
255.000000
255.000000
255.000000
255.000000
255.000000
255.000000
255.000000
255.000000
255.000000
255.000000
256.000000
256.000000
256.000000
256.000000
256.000000
256.000000
256.000000
256.000000
256.000000
256.000000
256.000000
256.000000
256.000000
256.000000
256.000000
257.000000
257.000000
257.000000
257.000000
257.000000
257.000000
257.000000
257.000000
257.000000
257.000000
257.000000
257.000000
257.000000
257.000000
257.000000
257.000000
257.000000
258.000000
258.000000
258.000000
258.000000
258.000000
258.000000
258.000000
258.000000
258.000000
258.000000
258.000000
258.000000
258.000000
258.000000
258.000000
258.000000
259.000000
259.000000
259.000000
259.000000
259.000000
259.000000
259.000000
259.000000
259.000000
259.000000
259.000000
259.000000
259.000000
259.000000
259.000000
259.000000
259.000000
259.000000
259.000000
259.000000
259.000000
259.000000
259.000000
260.000000
260.000000
260.000000
260.000000
260.000000
260.000000
260.000000
260.000000
260.000000
260.000000
260.000000
260.000000
260.000000
260.000000
260.000000
260.000000
260.000000
260.000000
261.000000
260.000000
261.000000
261.000000
261.000000
261.000000
261.000000
261.000000
261.000000
261.000000
261.000000
261.000000
261.000000
261.000000
261.000000
261.000000
261.000000
261.000000
261.000000
261.000000
261.000000
261.000000
261.000000
261.000000
261.000000
261.000000
261.000000
261.000000
261.000000
261.000000
261.000000
261.000000
261.000000
261.000000
262.000000
262.000000
262.000000
262.000000
262.000000
262.000000
262.000000
262.000000
262.000000
262.000000
262.000000
262.000000
262.000000
262.000000
262.000000
262.000000
262.000000
262.000000
262.000000
262.000000
262.000000
262.000000
262.000000
262.000000
262.000000
262.000000
262.000000
262.000000
262.000000
263.000000
263.000000
263.000000
263.000000
263.000000
263.000000
263.000000
263.000000
263.000000
263.000000
263.000000
263.000000
263.000000
263.000000
263.000000
263.000000
263.000000
263.000000
263.000000
263.000000
263.000000
263.000000
263.000000
263.000000
263.000000
263.000000
263.000000
263.000000
263.000000
263.000000
263.000000
263.000000
263.000000
263.000000
263.000000
263.000000
263.000000
263.000000
263.000000
263.000000
263.000000
263.000000
263.000000
263.000000
263.000000
263.000000
263.000000
262.000000
262.000000
262.000000
262.000000
262.000000
262.000000
262.000000
262.000000
262.000000
261.000000
261.000000
261.000000
260.000000
260.000000
260.000000
260.000000
259.000000
259.000000
259.000000
259.000000
258.000000
258.000000
258.000000
258.000000
257.000000
257.000000
257.000000
257.000000
256.000000
256.000000
256.000000
255.000000
255.000000
255.000000
255.000000
254.000000
