0.000000
113.000000
128.000000
166.000000
186.000000
166.000000
181.000000
194.000000
204.000000
211.000000
219.000000
225.000000
228.000000
231.000000
235.000000
237.000000
240.000000
242.000000
244.000000
247.000000
248.000000
250.000000
251.000000
253.000000
254.000000
256.000000
257.000000
259.000000
261.000000
262.000000
263.000000
264.000000
264.000000
264.000000
264.000000
264.000000
265.000000
266.000000
267.000000
268.000000
269.000000
270.000000
271.000000
273.000000
274.000000
274.000000
275.000000
275.000000
276.000000
276.000000
276.000000
276.000000
276.000000
276.000000
277.000000
277.000000
278.000000
278.000000
279.000000
279.000000
279.000000
279.000000
279.000000
279.000000
279.000000
279.000000
279.000000
280.000000
280.000000
280.000000
281.000000
281.000000
281.000000
281.000000
282.000000
282.000000
282.000000
282.000000
282.000000
283.000000
283.000000
283.000000
283.000000
283.000000
283.000000
283.000000
283.000000
283.000000
283.000000
283.000000
280.000000
280.000000
280.000000
280.000000
281.000000
281.000000
281.000000
281.000000
281.000000
281.000000
281.000000
281.000000
281.000000
281.000000
281.000000
282.000000
282.000000
282.000000
283.000000
283.000000
283.000000
283.000000
283.000000
283.000000
283.000000
283.000000
284.000000
284.000000
285.000000
285.000000
285.000000
285.000000
285.000000
285.000000
285.000000
285.000000
285.000000
286.000000
286.000000
286.000000
287.000000
287.000000
287.000000
288.000000
288.000000
288.000000
287.000000
287.000000
288.000000
288.000000
288.000000
288.000000
288.000000
288.000000
288.000000
288.000000
289.000000
289.000000
289.000000
289.000000
289.000000
289.000000
289.000000
289.000000
289.000000
289.000000
289.000000
290.000000
290.000000
290.000000
290.000000
290.000000
290.000000
290.000000
290.000000
290.000000
289.000000
288.000000
285.000000
283.000000
282.000000
281.000000
279.000000
278.000000
