0.000000
112.000000
158.000000
194.000000
209.000000
216.000000
226.000000
233.000000
237.000000
242.000000
242.000000
243.000000
245.000000
246.000000
248.000000
249.000000
252.000000
255.000000
257.000000
258.000000
258.000000
259.000000
260.000000
260.000000
261.000000
261.000000
261.000000
263.000000
263.000000
254.000000
254.000000
254.000000
255.000000
256.000000
256.000000
256.000000
256.000000
258.000000
259.000000
260.000000
260.000000
261.000000
262.000000
262.000000
263.000000
262.000000
263.000000
264.000000
264.000000
265.000000
266.000000
265.000000
265.000000
266.000000
266.000000
266.000000
267.000000
267.000000
267.000000
267.000000
267.000000
267.000000
268.000000
267.000000
267.000000
267.000000
267.000000
268.000000
268.000000
268.000000
268.000000
268.000000
268.000000
268.000000
269.000000
269.000000
270.000000
270.000000
271.000000
271.000000
272.000000
272.000000
273.000000
273.000000
274.000000
275.000000
275.000000
276.000000
276.000000
277.000000
277.000000
278.000000
278.000000
278.000000
279.000000
279.000000
280.000000
280.000000
280.000000
280.000000
280.000000
281.000000
281.000000
279.000000
279.000000
280.000000
280.000000
280.000000
280.000000
281.000000
281.000000
281.000000
281.000000
282.000000
282.000000
282.000000
283.000000
283.000000
283.000000
283.000000
283.000000
284.000000
284.000000
284.000000
284.000000
284.000000
284.000000
284.000000
284.000000
284.000000
284.000000
284.000000
284.000000
284.000000
284.000000
283.000000
283.000000
283.000000
282.000000
283.000000
283.000000
283.000000
282.000000
282.000000
282.000000
282.000000
282.000000
282.000000
282.000000
282.000000
282.000000
282.000000
282.000000
282.000000
282.000000
282.000000
282.000000
282.000000
282.000000
282.000000
282.000000
282.000000
281.000000
281.000000
282.000000
282.000000
282.000000
282.000000
282.000000
282.000000
282.000000
282.000000
282.000000
282.000000
282.000000
280.000000
280.000000
280.000000
279.000000
279.000000
279.000000
279.000000
278.000000
278.000000
278.000000
278.000000
278.000000
278.000000
278.000000
277.000000
277.000000
277.000000
276.000000
276.000000
276.000000
276.000000
276.000000
275.000000
275.000000
275.000000
275.000000
275.000000
275.000000
275.000000
275.000000
274.000000
274.000000
274.000000
274.000000
274.000000
274.000000
274.000000
273.000000
273.000000
273.000000
273.000000
273.000000
272.000000
272.000000
272.000000
272.000000
272.000000
272.000000
272.000000
272.000000
272.000000
272.000000
272.000000
272.000000
272.000000
272.000000
272.000000
272.000000
272.000000
272.000000
272.000000
272.000000
272.000000
272.000000
272.000000
272.000000
271.000000
271.000000
271.000000
271.000000
271.000000
271.000000
270.000000
271.000000
270.000000
270.000000
271.000000
270.000000
270.000000
270.000000
270.000000
270.000000
270.000000
270.000000
270.000000
270.000000
270.000000
270.000000
270.000000
270.000000
270.000000
269.000000
269.000000
269.000000
269.000000
269.000000
269.000000
269.000000
269.000000
269.000000
269.000000
269.000000
269.000000
269.000000
269.000000
269.000000
269.000000
269.000000
268.000000
268.000000
268.000000
268.000000
268.000000
268.000000
268.000000
268.000000
268.000000
268.000000
268.000000
268.000000
268.000000
268.000000
268.000000
268.000000
268.000000
268.000000
268.000000
268.000000
268.000000
269.000000
269.000000
269.000000
269.000000
268.000000
268.000000
268.000000
268.000000
268.000000
268.000000
268.000000
268.000000
268.000000
267.000000
268.000000
267.000000
267.000000
267.000000
267.000000
267.000000
267.000000
267.000000
267.000000
267.000000
267.000000
267.000000
267.000000
267.000000
267.000000
267.000000
267.000000
267.000000
267.000000
267.000000
267.000000
267.000000
267.000000
266.000000
266.000000
266.000000
266.000000
266.000000
266.000000
266.000000
266.000000
266.000000
266.000000
266.000000
266.000000
266.000000
265.000000
265.000000
265.000000
265.000000
265.000000
265.000000
265.000000
265.000000
265.000000
265.000000
265.000000
265.000000
264.000000
264.000000
264.000000
264.000000
264.000000
264.000000
264.000000
264.000000
264.000000
264.000000
264.000000
264.000000
264.000000
264.000000
264.000000
263.000000
263.000000
263.000000
263.000000
263.000000
263.000000
263.000000
263.000000
263.000000
263.000000
263.000000
263.000000
263.000000
263.000000
263.000000
263.000000
263.000000
263.000000
263.000000
263.000000
263.000000
263.000000
263.000000
263.000000
263.000000
263.000000
263.000000
263.000000
263.000000
263.000000
263.000000
263.000000
263.000000
263.000000
263.000000
263.000000
263.000000
263.000000
263.000000
263.000000
263.000000
263.000000
263.000000
263.000000
263.000000
263.000000
263.000000
263.000000
264.000000
264.000000
264.000000
264.000000
264.000000
264.000000
264.000000
264.000000
264.000000
264.000000
264.000000
264.000000
264.000000
264.000000
264.000000
264.000000
264.000000
264.000000
264.000000
264.000000
264.000000
264.000000
263.000000
264.000000
264.000000
264.000000
264.000000
264.000000
264.000000
264.000000
264.000000
264.000000
264.000000
264.000000
264.000000
264.000000
264.000000
264.000000
264.000000
264.000000
264.000000
264.000000
264.000000
264.000000
263.000000
263.000000
263.000000
263.000000
263.000000
263.000000
263.000000
263.000000
263.000000
263.000000
263.000000
263.000000
263.000000
263.000000
263.000000
263.000000
263.000000
263.000000
263.000000
263.000000
263.000000
263.000000
263.000000
263.000000
263.000000
263.000000
263.000000
263.000000
263.000000
263.000000
263.000000
263.000000
263.000000
263.000000
263.000000
263.000000
262.000000
262.000000
262.000000
262.000000
262.000000
262.000000
262.000000
262.000000
262.000000
262.000000
262.000000
262.000000
262.000000
262.000000
262.000000
262.000000
262.000000
262.000000
262.000000
262.000000
262.000000
262.000000
262.000000
262.000000
262.000000
262.000000
262.000000
262.000000
262.000000
262.000000
262.000000
262.000000
262.000000
262.000000
262.000000
262.000000
262.000000
262.000000
262.000000
262.000000
262.000000
262.000000
262.000000
262.000000
262.000000
262.000000
262.000000
261.000000
261.000000
261.000000
261.000000
261.000000
261.000000
261.000000
261.000000
261.000000
261.000000
261.000000
261.000000
261.000000
261.000000
261.000000
261.000000
261.000000
261.000000
261.000000
261.000000
261.000000
261.000000
260.000000
260.000000
260.000000
260.000000
260.000000
260.000000
260.000000
260.000000
260.000000
260.000000
260.000000
260.000000
260.000000
259.000000
259.000000
259.000000
259.000000
259.000000
259.000000
259.000000
259.000000
259.000000
259.000000
259.000000
259.000000
259.000000
259.000000
259.000000
258.000000
258.000000
258.000000
258.000000
258.000000
258.000000
258.000000
258.000000
258.000000
258.000000
258.000000
258.000000
258.000000
258.000000
258.000000
258.000000
258.000000
258.000000
258.000000
258.000000
258.000000
258.000000
258.000000
258.000000
258.000000
258.000000
258.000000
258.000000
258.000000
258.000000
258.000000
258.000000
258.000000
258.000000
258.000000
258.000000
258.000000
258.000000
258.000000
258.000000
258.000000
258.000000
258.000000
258.000000
258.000000
258.000000
258.000000
258.000000
258.000000
258.000000
258.000000
258.000000
258.000000
258.000000
258.000000
258.000000
258.000000
258.000000
258.000000
259.000000
259.000000
259.000000
259.000000
259.000000
259.000000
259.000000
259.000000
259.000000
259.000000
259.000000
260.000000
260.000000
260.000000
260.000000
260.000000
260.000000
260.000000
260.000000
260.000000
260.000000
260.000000
260.000000
260.000000
260.000000
260.000000
261.000000
261.000000
261.000000
261.000000
261.000000
261.000000
261.000000
261.000000
261.000000
261.000000
261.000000
261.000000
261.000000
262.000000
262.000000
262.000000
262.000000
262.000000
262.000000
262.000000
262.000000
262.000000
262.000000
262.000000
262.000000
262.000000
262.000000
262.000000
263.000000
263.000000
263.000000
263.000000
263.000000
263.000000
263.000000
263.000000
263.000000
263.000000
263.000000
263.000000
263.000000
263.000000
263.000000
263.000000
263.000000
263.000000
264.000000
264.000000
264.000000
264.000000
264.000000
264.000000
264.000000
264.000000
264.000000
264.000000
264.000000
264.000000
265.000000
265.000000
265.000000
265.000000
265.000000
265.000000
265.000000
265.000000
265.000000
265.000000
265.000000
265.000000
265.000000
265.000000
265.000000
265.000000
265.000000
265.000000
265.000000
265.000000
265.000000
265.000000
266.000000
266.000000
266.000000
266.000000
266.000000
266.000000
266.000000
266.000000
266.000000
266.000000
266.000000
266.000000
266.000000
266.000000
