0.000000
111.000000
127.000000
163.000000
187.000000
198.000000
211.000000
220.000000
229.000000
233.000000
218.000000
223.000000
226.000000
230.000000
233.000000
235.000000
238.000000
240.000000
242.000000
243.000000
245.000000
247.000000
248.000000
248.000000
250.000000
252.000000
253.000000
254.000000
255.000000
257.000000
258.000000
258.000000
259.000000
259.000000
259.000000
259.000000
260.000000
261.000000
262.000000
263.000000
264.000000
265.000000
266.000000
267.000000
268.000000
268.000000
269.000000
270.000000
270.000000
270.000000
271.000000
271.000000
271.000000
271.000000
271.000000
272.000000
272.000000
273.000000
273.000000
274.000000
274.000000
274.000000
274.000000
274.000000
274.000000
274.000000
274.000000
274.000000
275.000000
275.000000
275.000000
275.000000
276.000000
276.000000
276.000000
276.000000
276.000000
276.000000
276.000000
276.000000
277.000000
276.000000
277.000000
277.000000
277.000000
277.000000
276.000000
276.000000
277.000000
276.000000
277.000000
277.000000
277.000000
277.000000
277.000000
277.000000
274.000000
274.000000
275.000000
275.000000
275.000000
275.000000
275.000000
275.000000
275.000000
276.000000
276.000000
277.000000
277.000000
277.000000
277.000000
277.000000
277.000000
277.000000
277.000000
277.000000
278.000000
278.000000
279.000000
279.000000
279.000000
279.000000
279.000000
279.000000
279.000000
280.000000
280.000000
280.000000
280.000000
281.000000
281.000000
281.000000
281.000000
282.000000
282.000000
282.000000
281.000000
282.000000
282.000000
282.000000
282.000000
282.000000
282.000000
283.000000
283.000000
283.000000
283.000000
283.000000
283.000000
283.000000
283.000000
283.000000
283.000000
283.000000
284.000000
283.000000
284.000000
283.000000
284.000000
284.000000
284.000000
284.000000
284.000000
284.000000
284.000000
283.000000
282.000000
281.000000
279.000000
278.000000
277.000000
275.000000
274.000000
273.000000
270.000000
269.000000
267.000000
266.000000
265.000000
263.000000
262.000000
261.000000
260.000000
259.000000
258.000000
257.000000
255.000000
254.000000
253.000000
252.000000
251.000000
250.000000
249.000000
248.000000
247.000000
