0.800000
0.800000
0.800000
0.800000
0.800000
0.800000
1.300000
1.800000
2.100000
2.700000
3.000000
3.800000
4.300000
4.500000
5.000000
5.200000
5.800000
6.200000
6.500000
6.900000
7.200000
7.600000
7.900000
8.300000
8.800000
8.900000
9.300000
9.500000
9.900000
10.300000
10.500000
10.900000
10.900000
11.300000
11.600000
11.800000
12.100000
12.300000
12.600000
12.800000
13.100000
13.500000
13.700000
14.000000
14.000000
14.500000
14.800000
14.900000
15.200000
15.400000
15.600000
15.900000
16.100000
16.400000
16.500000
16.800000
17.000000
17.200000
17.400000
17.500000
17.800000
17.800000
18.100000
18.400000
18.500000
18.700000
18.800000
19.100000
19.200000
19.400000
19.500000
19.700000
19.800000
20.000000
20.200000
20.400000
20.300000
20.500000
20.600000
20.800000
21.000000
21.100000
21.400000
21.400000
21.500000
21.600000
21.900000
22.000000
22.100000
22.300000
22.300000
22.600000
22.700000
22.700000
23.000000
23.000000
23.100000
23.200000
23.200000
23.300000
23.400000
23.600000
23.600000
23.800000
23.900000
23.900000
24.100000
24.000000
24.200000
24.300000
24.300000
24.500000
24.600000
24.700000
24.800000
24.900000
25.100000
25.100000
25.200000
25.200000
25.400000
25.500000
25.500000
25.600000
25.600000
25.800000
25.900000
26.000000
26.000000
26.100000
26.200000
26.300000
26.400000
26.400000
26.500000
26.600000
26.700000
26.800000
26.800000
26.900000
26.900000
27.000000
27.000000
27.000000
26.800000
26.700000
26.500000
26.400000
26.400000
26.200000
26.100000
26.000000
25.900000
25.800000
25.700000
25.600000
25.500000
25.400000
25.200000
25.200000
25.100000
25.000000
24.900000
24.800000
24.700000
24.600000
24.500000
24.400000
24.300000
24.200000
24.200000
24.100000
23.900000
23.900000
23.800000
23.600000
23.600000
23.500000
23.500000
23.300000
23.200000
23.100000
23.000000
22.900000
22.900000
22.700000
22.600000
22.600000
22.500000
22.400000
22.300000
22.300000
22.200000
22.100000
22.000000
21.900000
21.900000
21.700000
21.700000
21.600000
21.600000
21.500000
21.400000
21.300000
21.300000
21.200000
21.100000
21.000000
21.000000
21.000000
20.900000
20.800000
20.700000
20.700000
20.600000
20.600000
20.400000
20.400000
20.300000
20.300000
20.100000
20.100000
20.100000
20.000000
20.000000
19.900000
19.800000
19.700000
19.700000
19.600000
19.500000
19.400000
19.400000
19.400000
19.300000
19.200000
19.100000
19.100000
19.100000
19.000000
19.000000
18.800000
18.800000
18.800000
18.700000
18.700000
18.500000
18.500000
18.500000
