0.000000
62.000000
31.000000
20.600000
15.700000
18.200000
24.700000
25.900000
29.500000
29.800000
32.500000
34.500000
33.800000
35.400000
34.800000
37.400000
37.700000
37.600000
38.400000
37.900000
38.600000
38.300000
38.000000
38.600000
37.400000
38.100000
36.400000
36.400000
36.900000
36.400000
37.000000
36.600000
36.900000
37.100000
36.900000
37.300000
36.700000
37.400000
37.500000
38.000000
38.200000
38.000000
38.200000
37.800000
38.000000
38.200000
38.100000
38.500000
38.100000
38.700000
38.800000
38.700000
38.700000
38.300000
38.400000
38.200000
38.200000
38.200000
37.400000
37.400000
37.300000
37.400000
37.400000
37.300000
37.300000
37.000000
37.400000
37.500000
37.600000
37.900000
37.900000
38.200000
38.400000
38.500000
38.800000
38.800000
39.100000
39.100000
39.200000
39.600000
39.500000
39.700000
39.700000
39.900000
40.100000
40.000000
40.300000
40.100000
40.400000
40.400000
40.500000
40.800000
40.200000
40.300000
40.300000
40.300000
40.400000
40.200000
40.300000
40.000000
39.900000
39.700000
39.400000
39.300000
39.000000
39.100000
39.000000
39.000000
39.200000
38.900000
39.100000
39.100000
39.100000
39.300000
39.100000
39.300000
39.100000
39.300000
39.300000
39.300000
39.500000
39.300000
39.500000
39.500000
39.600000
39.700000
39.700000
39.600000
39.400000
39.500000
39.600000
39.500000
39.700000
39.500000
39.700000
39.800000
39.800000
39.900000
39.800000
40.000000
40.000000
40.000000
40.100000
40.100000
40.300000
40.200000
40.300000
40.500000
40.500000
40.600000
40.500000
40.600000
40.700000
40.700000
40.700000
40.700000
40.800000
40.800000
40.800000
40.900000
40.600000
40.800000
40.800000
40.900000
41.000000
40.900000
41.000000
41.000000
41.200000
41.200000
41.200000
41.300000
41.300000
41.400000
41.400000
41.400000
41.600000
41.400000
41.500000
41.400000
41.500000
41.600000
41.500000
41.700000
41.500000
41.700000
41.700000
41.700000
41.800000
41.700000
41.800000
41.800000
41.900000
42.000000
41.900000
41.800000
41.800000
41.900000
42.000000
42.000000
42.000000
41.900000
41.800000
41.800000
41.700000
41.500000
41.500000
41.400000
41.300000
41.300000
41.300000
41.300000
41.400000
41.300000
41.400000
41.500000
41.400000
41.500000
41.400000
41.400000
41.500000
41.500000
41.500000
41.500000
41.600000
41.600000
41.600000
41.400000
41.400000
41.500000
41.400000
41.500000
41.500000
41.500000
41.500000
41.500000
41.500000
41.500000
41.500000
41.600000
41.500000
41.600000
41.500000
41.600000
41.600000
41.600000
41.600000
41.600000
41.700000
41.700000
41.700000
41.800000
41.700000
41.800000
41.800000
41.800000
41.900000
41.900000
42.000000
41.900000
41.900000
42.000000
41.900000
42.000000
42.000000
42.000000
42.100000
42.100000
42.200000
42.100000
42.300000
42.300000
42.300000
42.400000
42.400000
42.400000
42.400000
42.500000
42.500000
42.500000
42.600000
42.500000
42.600000
42.600000
42.600000
42.700000
42.700000
42.800000
42.800000
42.900000
42.900000
42.800000
42.900000
42.900000
42.900000
42.900000
42.900000
42.900000
42.800000
42.900000
42.900000
42.800000
42.900000
42.800000
42.800000
42.700000
42.700000
42.800000
42.600000
42.700000
42.600000
42.800000
42.800000
42.800000
42.800000
42.600000
42.600000
42.600000
42.600000
42.600000
42.600000
42.600000
42.600000
42.500000
42.600000
42.600000
42.600000
42.500000
42.600000
42.600000
42.600000
42.600000
42.500000
42.600000
42.600000
42.600000
42.600000
42.600000
42.600000
42.600000
42.600000
42.600000
42.500000
42.600000
42.500000
42.500000
42.600000
42.500000
42.600000
42.500000
42.600000
42.500000
42.500000
42.600000
42.600000
42.600000
42.400000
42.200000
42.100000
42.000000
41.900000
41.800000
41.600000
41.600000
41.500000
41.300000
41.200000
41.200000
41.000000
40.900000
40.900000
40.700000
40.600000
40.500000
40.400000
40.300000
40.100000
40.100000
40.000000
39.900000
39.800000
39.700000
39.600000
39.500000
39.400000
39.300000
39.200000
39.100000
39.000000
38.900000
38.800000
38.700000
38.600000
38.500000
38.400000
38.300000
38.200000
38.100000
38.000000
37.900000
37.900000
37.800000
37.600000
37.600000
37.500000
37.400000
37.300000
37.200000
37.200000
37.000000
37.000000
36.700000
36.700000
36.600000
36.600000
36.400000
36.400000
36.300000
36.100000
36.100000
36.000000
36.000000
35.800000
35.800000
35.700000
35.700000
35.500000
35.400000
35.400000
35.300000
35.200000
35.100000
35.100000
34.900000
34.900000
34.800000
34.800000
34.600000
34.600000
34.500000
34.500000
34.300000
34.300000
34.200000
34.200000
34.100000
34.000000
33.900000
33.900000
33.800000
33.700000
33.600000
33.600000
33.500000
33.400000
33.300000
33.300000
33.200000
33.100000
33.000000
33.000000
32.900000
32.900000
32.700000
32.700000
32.700000
32.500000
32.400000
32.400000
32.300000
32.300000
32.100000
32.100000
32.000000
32.000000
32.000000
31.800000
31.800000
31.700000
31.700000
31.500000
31.500000
31.500000
31.400000
31.400000
31.200000
31.200000
31.100000
31.100000
31.100000
30.900000
30.900000
30.800000
30.800000
30.800000
30.600000
30.600000
30.500000
30.500000
30.500000
30.300000
30.300000
30.200000
30.200000
30.200000
30.000000
30.000000
29.900000
29.900000
29.900000
29.800000
29.700000
29.700000
29.600000
29.600000
29.500000
29.400000
29.400000
29.300000
29.300000
29.300000
29.100000
29.000000
29.000000
29.000000
28.900000
28.900000
28.800000
28.700000
28.700000
28.700000
28.600000
28.500000
28.500000
28.400000
28.400000
28.400000
28.300000
28.200000
28.200000
28.100000
28.100000
28.000000
28.000000
28.000000
27.800000
27.800000
27.800000
27.700000
27.700000
27.700000
27.600000
27.500000
27.500000
27.500000
27.400000
27.400000
27.300000
27.200000
27.200000
27.200000
27.100000
27.100000
27.100000
26.900000
26.900000
26.900000
26.800000
26.800000
26.800000
26.700000
26.600000
26.600000
26.600000
26.500000
26.500000
26.300000
26.300000
26.300000
26.200000
26.200000
26.200000
26.200000
26.000000
26.000000
26.000000
25.900000
25.900000
25.900000
25.900000
25.700000
25.700000
25.700000
25.600000
25.600000
25.600000
25.600000
25.500000
25.400000
25.400000
25.300000
25.300000
