27.200000
27.200000
27.200000
27.100000
27.100000
27.500000
27.900000
28.500000
29.100000
29.900000
30.500000
31.300000
32.100000
33.100000
33.800000
34.700000
35.700000
36.600000
37.500000
38.500000
39.300000
40.200000
41.300000
42.200000
43.200000
44.200000
45.200000
46.100000
47.200000
48.200000
49.100000
49.900000
51.000000
52.200000
53.200000
54.500000
55.600000
56.700000
57.900000
58.400000
59.600000
60.600000
61.900000
63.000000
64.100000
65.100000
66.200000
67.300000
68.400000
69.400000
70.400000
71.400000
72.300000
73.100000
74.000000
74.700000
75.400000
76.000000
76.700000
77.400000
78.000000
78.800000
79.600000
80.200000
80.900000
81.600000
82.200000
82.900000
83.600000
84.200000
84.200000
84.900000
85.500000
86.100000
86.900000
87.800000
88.500000
89.400000
90.000000
90.600000
91.300000
91.900000
92.500000
93.300000
93.900000
94.400000
95.000000
95.600000
96.100000
96.700000
97.200000
97.800000
98.400000
99.000000
99.500000
100.100000
100.400000
100.800000
101.400000
101.800000
102.400000
102.400000
102.600000
103.000000
103.200000
103.400000
103.600000
103.700000
103.800000
104.000000
104.200000
104.300000
104.500000
104.700000
104.700000
104.900000
105.100000
105.200000
105.300000
105.400000
105.500000
