153.600000
153.700000
153.800000
153.900000
154.000000
154.000000
154.200000
154.200000
154.200000
153.900000
154.000000
154.000000
154.000000
154.000000
154.100000
154.200000
154.200000
154.200000
154.200000
154.300000
154.400000
154.400000
154.400000
154.500000
154.500000
154.600000
154.500000
154.600000
154.500000
154.600000
154.600000
154.600000
154.600000
154.700000
154.700000
154.700000
154.600000
154.600000
154.700000
154.300000
154.300000
154.300000
154.400000
154.400000
154.500000
154.400000
154.500000
154.500000
154.600000
154.600000
154.600000
154.600000
154.600000
154.700000
154.600000
154.700000
154.700000
154.800000
154.800000
154.800000
154.900000
154.900000
155.000000
155.000000
155.000000
155.000000
154.900000
155.000000
155.000000
154.600000
154.600000
154.600000
154.600000
154.600000
154.600000
154.600000
154.600000
154.700000
154.700000
154.700000
154.700000
154.700000
154.800000
154.800000
154.700000
154.900000
154.900000
155.000000
155.000000
154.900000
155.000000
155.000000
155.200000
155.200000
155.100000
155.100000
