6.900000
6.600000
6.500000
6.300000
6.800000
8.100000
9.100000
10.300000
11.700000
12.800000
14.000000
15.200000
16.600000
18.200000
19.500000
21.000000
22.300000
23.900000
25.400000
26.600000
27.800000
29.100000
30.700000
32.400000
34.000000
35.500000
36.900000
38.100000
39.500000
40.900000
42.400000
43.800000
45.300000
46.600000
47.900000
49.000000
50.400000
51.700000
53.000000
54.200000
54.500000
55.600000
56.800000
58.100000
59.200000
60.500000
61.500000
62.600000
63.700000
64.600000
65.600000
66.400000
67.100000
67.700000
68.600000
69.300000
70.000000
70.700000
71.200000
71.800000
72.400000
73.100000
73.700000
74.300000
75.000000
75.500000
76.100000
76.600000
77.200000
77.900000
78.700000
79.400000
79.900000
80.300000
80.800000
81.200000
81.500000
82.100000
82.700000
83.300000
83.900000
84.600000
85.200000
85.800000
86.400000
86.200000
86.400000
86.900000
87.300000
87.800000
88.500000
89.000000
89.400000
90.000000
90.400000
90.800000
91.200000
91.600000
92.000000
92.400000
92.900000
93.300000
93.500000
93.900000
94.200000
94.600000
94.900000
95.300000
95.600000
95.900000
96.200000
96.600000
96.800000
97.100000
97.400000
97.700000
98.000000
98.200000
98.500000
98.800000
99.000000
99.300000
99.500000
99.700000
100.000000
100.200000
100.400000
100.600000
100.900000
101.200000
101.400000
101.600000
101.900000
101.400000
101.700000
101.800000
102.000000
102.200000
102.300000
102.500000
102.700000
102.900000
103.100000
103.400000
103.600000
103.900000
104.200000
104.300000
104.500000
104.700000
104.800000
105.000000
105.100000
105.200000
105.400000
105.500000
105.600000
105.700000
105.800000
106.000000
106.100000
106.200000
106.300000
106.400000
106.500000
106.600000
106.700000
106.800000
106.800000
107.000000
107.200000
107.300000
107.500000
107.600000
107.700000
107.900000
108.100000
108.300000
108.100000
108.200000
108.500000
108.700000
108.800000
108.800000
108.900000
109.000000
109.200000
109.300000
109.400000
109.600000
109.700000
109.800000
109.900000
110.000000
110.100000
110.300000
110.400000
110.500000
110.600000
110.700000
110.700000
110.800000
110.900000
111.000000
111.100000
111.300000
111.400000
111.500000
111.500000
111.500000
111.600000
111.700000
111.800000
111.900000
111.900000
112.000000
112.100000
112.300000
112.400000
112.400000
112.500000
112.600000
112.700000
112.300000
112.400000
112.500000
112.600000
112.600000
112.700000
112.700000
112.800000
112.900000
112.800000
112.900000
113.000000
113.100000
113.100000
113.300000
113.300000
113.400000
113.500000
113.600000
113.600000
113.800000
113.900000
113.900000
114.000000
114.100000
114.200000
114.400000
114.400000
114.600000
114.700000
