4.400000
4.400000
4.400000
4.400000
4.400000
4.400000
4.500000
4.700000
4.900000
5.100000
5.300000
5.600000
5.800000
6.000000
6.300000
6.400000
6.800000
6.900000
7.200000
7.500000
7.800000
8.100000
8.400000
8.700000
9.000000
9.400000
9.700000
9.900000
10.300000
10.700000
11.000000
11.300000
11.700000
12.000000
12.300000
12.700000
13.000000
13.400000
13.800000
14.200000
14.600000
15.000000
15.400000
15.700000
16.300000
16.600000
17.200000
17.600000
18.100000
18.600000
19.000000
19.500000
19.800000
20.300000
20.800000
21.300000
21.800000
22.200000
22.700000
23.100000
23.600000
24.000000
24.400000
24.800000
25.200000
25.500000
25.900000
26.500000
26.800000
27.200000
27.600000
27.900000
28.400000
28.800000
29.200000
29.600000
29.900000
30.300000
30.600000
31.000000
31.500000
31.900000
32.400000
32.800000
33.200000
33.600000
34.000000
34.400000
34.800000
35.300000
35.800000
36.200000
36.600000
36.900000
37.300000
37.600000
38.000000
38.400000
38.700000
39.000000
39.400000
39.700000
40.100000
40.400000
40.700000
41.100000
41.400000
41.700000
42.100000
42.400000
42.800000
43.000000
43.400000
43.700000
44.000000
44.300000
44.600000
44.500000
44.500000
44.500000
44.300000
44.300000
44.400000
44.400000
44.400000
44.600000
44.600000
44.700000
44.900000
45.000000
45.200000
45.500000
45.600000
45.900000
46.100000
46.200000
46.500000
46.700000
46.900000
47.100000
47.300000
47.500000
47.800000
48.000000
48.300000
48.700000
48.900000
49.200000
49.600000
49.800000
50.100000
50.400000
50.700000
50.800000
51.100000
51.400000
51.600000
51.800000
52.000000
52.300000
52.400000
52.700000
53.000000
53.200000
53.200000
53.500000
53.700000
53.900000
54.200000
54.400000
54.600000
54.800000
55.000000
55.200000
55.400000
55.700000
55.900000
56.100000
56.400000
56.500000
56.700000
57.000000
57.100000
57.400000
57.500000
57.800000
58.100000
58.300000
58.500000
58.700000
58.900000
59.200000
59.400000
59.600000
59.800000
60.000000
60.200000
60.500000
60.700000
60.900000
61.200000
61.300000
61.600000
61.800000
62.100000
62.200000
62.500000
62.600000
62.700000
62.900000
63.000000
63.200000
63.300000
63.500000
63.700000
63.800000
63.900000
64.100000
64.200000
64.500000
64.600000
64.800000
65.000000
65.100000
65.300000
65.500000
65.600000
65.700000
66.000000
66.100000
66.200000
66.300000
66.500000
66.600000
66.800000
66.900000
67.100000
67.200000
67.400000
67.500000
67.700000
67.900000
68.000000
68.100000
68.400000
68.500000
68.600000
68.800000
68.900000
69.200000
69.300000
69.400000
69.500000
69.700000
69.800000
70.000000
70.200000
70.200000
70.300000
70.500000
70.600000
70.700000
70.800000
70.900000
71.200000
71.300000
71.400000
71.500000
71.700000
71.800000
71.900000
72.000000
72.100000
72.200000
72.300000
72.500000
72.700000
72.900000
73.000000
73.100000
73.300000
73.400000
73.500000
73.600000
73.800000
73.900000
74.000000
74.100000
74.200000
74.400000
74.500000
74.600000
74.800000
74.900000
75.000000
75.100000
75.200000
75.300000
