0.000000
54.000000
29.500000
20.600000
20.500000
20.800000
20.600000
20.300000
20.400000
19.300000
19.800000
21.200000
23.400000
25.900000
28.000000
30.400000
31.900000
33.500000
35.100000
36.900000
38.500000
39.800000
41.500000
43.100000
44.700000
46.400000
48.100000
49.900000
51.600000
53.500000
55.100000
56.700000
58.200000
59.600000
60.900000
62.100000
63.400000
64.600000
66.100000
67.800000
69.400000
70.800000
72.200000
73.400000
74.500000
75.700000
76.700000
77.800000
79.100000
80.300000
81.200000
82.000000
82.900000
83.700000
84.700000
84.400000
85.000000
85.600000
86.300000
87.000000
87.600000
88.600000
89.200000
90.000000
90.600000
91.100000
91.700000
92.200000
92.900000
93.500000
93.900000
94.500000
95.000000
95.600000
96.000000
96.400000
96.800000
97.300000
97.800000
98.300000
98.800000
99.100000
99.500000
100.000000
100.400000
100.900000
101.300000
101.800000
102.100000
102.500000
102.900000
103.300000
103.700000
104.100000
104.400000
104.800000
105.100000
105.400000
105.700000
106.000000
106.200000
106.500000
105.800000
106.100000
106.400000
106.600000
106.900000
107.100000
107.300000
107.500000
107.700000
107.900000
108.000000
108.200000
108.400000
108.600000
108.900000
109.100000
109.300000
109.400000
109.600000
109.800000
110.000000
110.100000
110.300000
110.400000
110.600000
110.800000
111.000000
111.300000
111.400000
111.700000
111.800000
112.000000
112.100000
112.300000
112.400000
112.500000
112.700000
112.900000
113.100000
113.100000
113.100000
113.000000
113.000000
