1520437769068617387,-0.000000,-0.000000,-0.000000,-0.000000,-0.000000,-0.000000,1.000000
1520437769118623509,0.000573,-0.001465,-0.001847,0.000078,0.001379,-0.001215,0.999998
1520437769168625509,0.000009,-0.001622,-0.000259,0.000258,0.001981,-0.003692,0.999991
1520437769218627509,-0.000041,-0.002544,-0.001095,0.002578,0.002626,-0.006050,0.999975
1520437769268628509,0.000105,-0.003105,-0.001390,0.003848,0.002630,-0.007944,0.999958
1520437769318629509,0.000453,-0.003814,-0.000872,0.002526,0.002379,-0.009445,0.999949
1520437769368631509,0.000510,-0.004515,-0.001517,0.001295,0.001196,-0.010241,0.999946
1520437769418632509,0.000588,-0.005186,-0.001171,0.001090,-0.001198,-0.010956,0.999939
1520437769468634509,0.000854,-0.005517,-0.000115,0.001012,-0.005376,-0.010808,0.999927
1520437769518636088,0.001137,-0.005937,0.000625,0.001192,-0.009548,-0.010828,0.999895
1520437769568637088,0.001827,-0.005910,0.003091,0.000109,-0.015116,-0.008297,0.999851
1520437769618639088,0.002348,-0.006146,0.004654,-0.004022,-0.018894,-0.007133,0.999788
1520437769668640088,0.003099,-0.006068,0.006160,-0.007213,-0.018007,-0.006147,0.999793
1520437769718642088,0.004481,-0.005622,0.006212,-0.008331,-0.014689,-0.003768,0.999850
1520437769768643088,0.006238,-0.004462,0.005566,-0.007811,-0.012028,-0.000207,0.999897
1520437769818645088,0.008226,-0.003344,0.004871,-0.008424,-0.013018,0.004340,0.999870
1520437769868647088,0.009139,-0.002087,0.003185,-0.007577,-0.015280,0.007784,0.999824
1520437769918635737,0.010341,-0.001201,0.002036,-0.005177,-0.017874,0.009240,0.999784
1520437769968637737,0.011868,-0.000497,0.000476,-0.002851,-0.019195,0.009459,0.999767
1520437770018638737,0.013025,0.000410,-0.002516,-0.000352,-0.018473,0.010715,0.999772
1520437770068640737,0.014700,0.001297,-0.003858,0.000045,-0.017771,0.013302,0.999754
1520437770118641737,0.015195,0.002353,-0.007376,-0.000260,-0.018689,0.015626,0.999703
1520437770168643737,0.016173,0.002873,-0.007666,0.001574,-0.018474,0.013777,0.999733
1520437770218645737,0.017209,0.003078,-0.010214,0.001635,-0.015927,0.011010,0.999811
1520437770268646737,0.017914,0.003161,-0.011670,0.000809,-0.014071,0.009225,0.999858
1520437770318648737,0.018818,0.003714,-0.012935,0.001971,-0.016073,0.008244,0.999835
1520437770368660913,0.019986,0.004880,-0.013518,0.003085,-0.016936,0.008749,0.999814
1520437770418661913,0.020781,0.006204,-0.012970,-0.001550,-0.014131,0.009066,0.999858
1520437770468663913,0.020843,0.007041,-0.012895,-0.006155,-0.010785,0.007797,0.999892
1520437770518664913,0.020926,0.006978,-0.011980,-0.005323,-0.011491,0.005233,0.999906
1520437770568666913,0.020867,0.007066,-0.011959,-0.003932,-0.013799,0.002160,0.999895
1520437770618667913,0.021081,0.007367,-0.012018,-0.004030,-0.014474,0.001008,0.999887
1520437770668669913,0.020895,0.007693,-0.011964,-0.005664,-0.013044,0.000939,0.999898
1520437770718670913,0.020611,0.007926,-0.010922,-0.007067,-0.012115,0.000574,0.999901
1520437770768672492,0.019345,0.007641,-0.012082,-0.007260,-0.011188,-0.000367,0.999911
1520437770818678492,0.017740,0.007493,-0.012852,-0.006421,-0.011087,-0.001949,0.999916
1520437770868675492,0.016081,0.007230,-0.012643,-0.005636,-0.011551,-0.004821,0.999906
1520437770918676492,0.013692,0.007115,-0.013983,-0.005897,-0.013099,-0.008356,0.999862
1520437770968678492,0.011012,0.006620,-0.014157,-0.004782,-0.015320,-0.010001,0.999821
1520437771018679492,0.007146,0.006432,-0.013502,-0.005356,-0.015555,-0.012609,0.999785
1520437771068681492,0.001441,0.007147,-0.013089,-0.006801,-0.016930,-0.015238,0.999717
1520437771118683492,-0.005563,0.008308,-0.011442,-0.006874,-0.019505,-0.016852,0.999644
1520437771168676843,-0.014493,0.009812,-0.010289,-0.007699,-0.021434,-0.017489,0.999588
1520437771218678843,-0.025592,0.011497,-0.009729,-0.009431,-0.022045,-0.017198,0.999565
1520437771268679843,-0.038550,0.012673,-0.008623,-0.010824,-0.021295,-0.017105,0.999568
1520437771318681843,-0.054018,0.013951,-0.008833,-0.012343,-0.020720,-0.017345,0.999559
1520437771368682843,-0.071926,0.015437,-0.009474,-0.013657,-0.021340,-0.017919,0.999518
1520437771418684843,-0.091424,0.016840,-0.008228,-0.012884,-0.021636,-0.017463,0.999530
1520437771468686843,-0.113616,0.018342,-0.008721,-0.012750,-0.021103,-0.015876,0.999570
1520437771518687843,-0.136220,0.019585,-0.009689,-0.014943,-0.019493,-0.013535,0.999607
1520437771568681141,-0.159648,0.020999,-0.009969,-0.016078,-0.015852,-0.010794,0.999687
1520437771618683141,-0.183853,0.022522,-0.009117,-0.016005,-0.010330,-0.009233,0.999776
1520437771668684141,-0.207893,0.023654,-0.009788,-0.016465,-0.005780,-0.009709,0.999801
1520437771718685141,-0.231372,0.024438,-0.010421,-0.015101,-0.003395,-0.010380,0.999826
1520437771768687141,-0.254023,0.025436,-0.009955,-0.013801,-0.002612,-0.010211,0.999849
1520437771818688141,-0.275134,0.026530,-0.008905,-0.014759,-0.002108,-0.010464,0.999834
1520437771868690141,-0.297715,0.025228,-0.009851,-0.016252,-0.002030,-0.011374,0.999801
1520437771918692141,-0.317290,0.022915,-0.010468,-0.015321,-0.002652,-0.013521,0.999788
1520437771968685369,-0.336079,0.021862,-0.007909,-0.014871,-0.004970,-0.016389,0.999743
1520437772018686369,-0.354892,0.019419,-0.006006,-0.016810,-0.007551,-0.019770,0.999635
1520437772068688369,-0.373357,0.014836,-0.006323,-0.019889,-0.010010,-0.022550,0.999498
1520437772118689369,-0.392022,0.010841,-0.006526,-0.020488,-0.010699,-0.025488,0.999408
1520437772168690369,-0.409726,0.005178,-0.007884,-0.018622,-0.011475,-0.027777,0.999375
1520437772218692369,-0.428533,-0.000365,-0.008975,-0.016657,-0.012183,-0.029771,0.999344
1520437772268694369,-0.447707,-0.007614,-0.009734,-0.015249,-0.011805,-0.031486,0.999318
1520437772318695369,-0.466429,-0.014979,-0.011936,-0.014528,-0.011877,-0.032291,0.999302
1520437772368690772,-0.486002,-0.021832,-0.009533,-0.014047,-0.012071,-0.032379,0.999304
1520437772418692772,-0.506037,-0.029786,-0.008394,-0.015447,-0.011771,-0.033995,0.999233
1520437772468693772,-0.524003,-0.038141,-0.008467,-0.017971,-0.012506,-0.034851,0.999153
1520437772518694772,-0.544640,-0.045754,-0.005420,-0.020120,-0.012733,-0.033499,0.999155
1520437772568696772,-0.565265,-0.053165,-0.003996,-0.021961,-0.010370,-0.032134,0.999188
1520437772618697772,-0.584531,-0.060583,-0.002928,-0.023175,-0.007788,-0.031348,0.999209
1520437772668699772,-0.603919,-0.065779,-0.001247,-0.023911,-0.006618,-0.032531,0.999163
1520437772718701772,-0.623823,-0.070810,0.000962,-0.024990,-0.008028,-0.033210,0.999104
1520437772768702772,-0.644331,-0.074188,0.002977,-0.025736,-0.008334,-0.035482,0.999004
1520437772818692422,-0.664012,-0.077141,0.004155,-0.024076,-0.009099,-0.039803,0.998876
1520437772868693422,-0.685639,-0.080263,0.007727,-0.020778,-0.010025,-0.043810,0.998773
1520437772918695422,-0.707160,-0.081858,0.008130,-0.021599,-0.009525,-0.046419,0.998643
1520437772968696422,-0.730222,-0.083785,0.009479,-0.024880,-0.010259,-0.046839,0.998540
1520437773018698422,-0.752655,-0.085343,0.010051,-0.026650,-0.011268,-0.046705,0.998490
1520437773068700422,-0.778676,-0.085601,0.009324,-0.027235,-0.011905,-0.046539,0.998474
1520437773118701422,-0.805610,-0.084859,0.007973,-0.027340,-0.012987,-0.046967,0.998438
1520437773168703422,-0.833336,-0.082620,0.006519,-0.025213,-0.016493,-0.046077,0.998483
1520437773218699948,-0.863397,-0.080100,0.006432,-0.023897,-0.017669,-0.044252,0.998578
1520437773268700948,-0.893321,-0.078460,0.007151,-0.027358,-0.013628,-0.042216,0.998641
1520437773318701948,-0.925562,-0.076736,0.009595,-0.031625,-0.004324,-0.039239,0.998720
1520437773368703948,-0.958055,-0.072495,0.010919,-0.032140,0.003076,-0.037818,0.998763
1520437773418705948,-0.990246,-0.066125,0.008238,-0.029408,0.003721,-0.036423,0.998897
1520437773468706948,-1.019388,-0.062594,0.007908,-0.026196,0.002773,-0.031457,0.999158
1520437773518709948,-1.047472,-0.060853,0.008236,-0.027895,0.008274,-0.027192,0.999207
1520437773568710948,-1.077079,-0.059957,0.004878,-0.031977,0.012622,-0.027123,0.999041
1520437773618724930,-1.102005,-0.061422,0.001884,-0.030677,0.010833,-0.031723,0.998967
1520437773668726930,-1.126385,-0.064190,-0.002082,-0.025505,0.005609,-0.036600,0.998989
1520437773718727930,-1.150991,-0.068319,-0.007416,-0.022712,0.002258,-0.038568,0.998995
1520437773768729930,-1.172841,-0.073059,-0.008178,-0.022528,0.000557,-0.038923,0.998988
1520437773818730930,-1.194180,-0.081070,-0.012669,-0.023263,-0.001887,-0.039465,0.998948
1520437773868732930,-1.214933,-0.089260,-0.015649,-0.021195,-0.002777,-0.042043,0.998887
1520437773918733930,-1.234969,-0.098740,-0.019885,-0.019135,-0.002825,-0.044360,0.998828
1520437773968735930,-1.255179,-0.108445,-0.020439,-0.019003,-0.001492,-0.046170,0.998752
1520437774018767036,-1.273915,-0.119909,-0.022191,-0.021810,0.000411,-0.049011,0.998560
1520437774068872036,-1.294580,-0.127223,-0.016660,-0.023071,0.000963,-0.052092,0.998375
1520437774118770036,-1.311746,-0.137259,-0.017446,-0.025193,0.001961,-0.054062,0.998218
1520437774168772036,-1.328757,-0.142888,-0.015865,-0.030119,0.003976,-0.056778,0.997924
1520437774218773036,-1.344781,-0.147253,-0.014781,-0.032162,0.004481,-0.059995,0.997670
1520437774268775036,-1.358136,-0.148767,-0.010073,-0.026127,0.004673,-0.060285,0.997828
1520437774318777036,-1.370784,-0.150968,-0.011580,-0.023446,0.006387,-0.058619,0.997985
1520437774368778036,-1.382575,-0.149980,-0.004748,-0.028835,0.009346,-0.058861,0.997806
1520437774418796737,-1.392110,-0.150330,-0.005911,-0.037749,0.011303,-0.058935,0.997484
1520437774468797737,-1.398960,-0.148467,-0.007430,-0.039312,0.010875,-0.057591,0.997507
1520437774518799737,-1.403926,-0.143732,-0.006614,-0.036192,0.008502,-0.054595,0.997816
1520437774568800737,-1.407012,-0.138105,-0.002978,-0.034613,0.006578,-0.050566,0.998099
1520437774618802737,-1.408027,-0.131721,-0.001520,-0.034155,0.003215,-0.044575,0.998417
1520437774668804737,-1.406681,-0.125500,0.000505,-0.030778,0.000166,-0.038320,0.998791
1520437774718805737,-1.403499,-0.119688,0.000868,-0.029450,-0.002532,-0.031989,0.999051
1520437774768807737,-1.396686,-0.112665,0.002515,-0.031357,-0.003885,-0.026383,0.999152
1520437774818814422,-1.391646,-0.108059,0.000387,-0.032965,-0.006388,-0.020771,0.999220
1520437774868791509,-1.381543,-0.100084,0.000866,-0.030464,-0.011169,-0.018199,0.999308
1520437774918792509,-1.369128,-0.091050,0.001313,-0.024968,-0.015326,-0.017958,0.999409
1520437774968795509,-1.357674,-0.083608,0.000046,-0.022510,-0.017712,-0.017830,0.999431
1520437775018796509,-1.343342,-0.076945,0.000560,-0.024046,-0.015935,-0.017939,0.999423
1520437775068797509,-1.330651,-0.070379,-0.002504,-0.025757,-0.011224,-0.016418,0.999470
1520437775118799509,-1.314142,-0.065004,-0.004322,-0.024688,-0.006388,-0.012346,0.999599
1520437775168800509,-1.293129,-0.061184,-0.006803,-0.023816,-0.003381,-0.007689,0.999681
1520437775218802509,-1.270266,-0.057804,-0.006609,-0.024242,-0.003143,-0.003989,0.999693
1520437775268809562,-1.245189,-0.054504,-0.007155,-0.026788,-0.003521,-0.002228,0.999632
1520437775318810562,-1.215790,-0.052985,-0.007056,-0.030396,-0.004510,-0.003343,0.999522
1520437775368811562,-1.185275,-0.051418,-0.007690,-0.034315,-0.004978,-0.007175,0.999373
1520437775418813562,-1.152164,-0.050946,-0.006840,-0.037414,-0.004494,-0.011902,0.999219
1520437775468815562,-1.118741,-0.050241,-0.008129,-0.040493,-0.006110,-0.016452,0.999026
1520437775518816562,-1.083441,-0.049163,-0.009479,-0.037711,-0.009266,-0.018327,0.999078
1520437775568818562,-1.049871,-0.047806,-0.010646,-0.032803,-0.011718,-0.018427,0.999223
1520437775618820562,-1.015061,-0.047208,-0.014210,-0.029622,-0.010043,-0.018865,0.999333
1520437775668895018,-0.981821,-0.045988,-0.017384,-0.023458,-0.008693,-0.017961,0.999526
1520437775718801018,-0.946276,-0.048815,-0.015076,-0.017094,-0.012092,-0.016121,0.999651
1520437775768803018,-0.912951,-0.052180,-0.018029,-0.017201,-0.014704,-0.014012,0.999646
1520437775818805018,-0.879392,-0.057654,-0.021376,-0.020647,-0.015956,-0.010791,0.999601
1520437775868806018,-0.844650,-0.065221,-0.022939,-0.022043,-0.013618,-0.008142,0.999631
1520437775918808018,-0.808725,-0.074839,-0.025778,-0.021560,-0.008650,-0.005964,0.999712
1520437775968809018,-0.774326,-0.084066,-0.027763,-0.023172,-0.003752,-0.001888,0.999723
1520437776018811018,-0.734785,-0.096691,-0.032134,-0.028116,-0.002306,0.003026,0.999597
1520437776068809843,-0.696209,-0.108548,-0.033076,-0.033180,-0.004470,0.009297,0.999396
1520437776118811843,-0.657388,-0.118750,-0.031023,-0.034949,-0.007318,0.014387,0.999259
1520437776168812843,-0.616631,-0.129559,-0.031022,-0.036122,-0.009834,0.019888,0.999101
1520437776218814843,-0.569486,-0.140938,-0.032130,-0.036939,-0.013376,0.029477,0.998793
1520437776268816843,-0.527427,-0.148646,-0.026399,-0.035595,-0.017836,0.039454,0.998428
1520437776318817843,-0.484030,-0.155304,-0.019606,-0.032936,-0.016752,0.046764,0.998222
1520437776368819843,-0.439880,-0.162658,-0.016259,-0.032656,-0.012869,0.056851,0.997765
1520437776418820843,-0.395384,-0.169892,-0.010101,-0.035176,-0.009723,0.067806,0.997031
1520437776468774071,-0.350794,-0.177042,-0.013393,-0.042289,-0.007364,0.077702,0.996052
1520437776518775071,-0.304734,-0.183646,-0.014920,-0.047667,-0.005192,0.084982,0.995228
1520437776568777071,-0.256263,-0.188538,-0.013841,-0.051324,-0.005177,0.088850,0.994708
1520437776618779071,-0.206776,-0.192440,-0.014152,-0.055195,-0.008043,0.091862,0.994208
1520437776668781071,-0.157645,-0.194369,-0.014549,-0.057673,-0.009398,0.093461,0.993907
1520437776718782071,-0.109720,-0.195618,-0.011098,-0.061323,-0.008886,0.092827,0.993752
1520437776768784071,-0.061225,-0.196051,-0.007048,-0.067531,-0.010302,0.090406,0.993559
1520437776818786071,-0.012374,-0.195067,-0.000732,-0.069741,-0.018615,0.089563,0.993362
1520437776868756334,0.036596,-0.194402,0.004587,-0.066220,-0.025772,0.086895,0.993680
1520437776918757334,0.083313,-0.195090,0.008578,-0.063769,-0.029002,0.082208,0.994150
1520437776968758334,0.128110,-0.197461,0.010487,-0.061587,-0.030099,0.081295,0.994330
1520437777018761334,0.172068,-0.200790,0.014519,-0.055542,-0.029726,0.084817,0.994403
1520437777068762334,0.212893,-0.204340,0.011819,-0.052689,-0.031372,0.089711,0.994078
1520437777118763334,0.253533,-0.211489,0.012029,-0.053880,-0.034734,0.092864,0.993613
1520437777168766334,0.294787,-0.219641,0.007361,-0.057615,-0.035301,0.093689,0.993306
1520437777218767334,0.336021,-0.230776,0.001037,-0.058229,-0.032346,0.093111,0.993425
1520437777268847071,0.376513,-0.242307,-0.006159,-0.055883,-0.028284,0.093254,0.993670
1520437777318765965,0.415963,-0.254357,-0.012883,-0.055186,-0.026873,0.093901,0.993687
1520437777368767965,0.453656,-0.265618,-0.015486,-0.060498,-0.032125,0.095941,0.993027
1520437777418768965,0.492365,-0.277399,-0.022320,-0.061938,-0.034309,0.098498,0.992615
1520437777468770965,0.531136,-0.285825,-0.023758,-0.056588,-0.035389,0.101655,0.992578
1520437777518772965,0.567145,-0.292433,-0.021450,-0.057621,-0.039300,0.106027,0.991914
1520437777568773965,0.605467,-0.297246,-0.013834,-0.058188,-0.041435,0.106688,0.991723
1520437777618775965,0.635887,-0.301120,-0.016597,-0.056010,-0.040891,0.108521,0.991672
1520437777668776965,0.667284,-0.302718,-0.005309,-0.050813,-0.040677,0.110427,0.991751
1520437777718799597,0.699552,-0.307167,-0.011696,-0.055357,-0.041158,0.110697,0.991457
1520437777768800597,0.723709,-0.307411,-0.011951,-0.061288,-0.040887,0.109853,0.991214
1520437777818802597,0.756537,-0.305518,-0.011174,-0.066163,-0.041071,0.107170,0.991186
1520437777868804597,0.784980,-0.302927,-0.008325,-0.068505,-0.040573,0.106252,0.991146
1520437777918805597,0.810611,-0.298347,-0.006612,-0.068783,-0.038429,0.105486,0.991295
1520437777968807597,0.833220,-0.292787,-0.006979,-0.070454,-0.039465,0.105033,0.991185
1520437778018808597,0.856399,-0.285657,-0.005811,-0.070186,-0.040007,0.102721,0.991424
1520437778068810597,0.875041,-0.281620,-0.007851,-0.067914,-0.040278,0.100701,0.991778
1520437778118804930,0.887791,-0.271403,-0.005390,-0.064434,-0.043540,0.101195,0.991823
1520437778168807930,0.893333,-0.257862,-0.004030,-0.061391,-0.048445,0.105901,0.991297
1520437778218808930,0.902333,-0.246889,-0.004544,-0.059788,-0.050773,0.111874,0.990622
1520437778268810930,0.903722,-0.235575,-0.005735,-0.059197,-0.049487,0.119215,0.989866
1520437778318811930,0.902272,-0.224132,-0.006740,-0.059703,-0.047209,0.124930,0.989242
1520437778368813930,0.893478,-0.210310,-0.008029,-0.058946,-0.045464,0.129322,0.988805
1520437778418814930,0.879066,-0.197281,-0.007338,-0.055153,-0.045954,0.131911,0.988659
1520437778468816930,0.857628,-0.183512,-0.010425,-0.050531,-0.048017,0.133088,0.988650
1520437778518826492,0.831588,-0.168477,-0.014734,-0.048302,-0.050578,0.133338,0.988600
1520437778568827492,0.801497,-0.156111,-0.015272,-0.047140,-0.049826,0.133971,0.988609
1520437778618829492,0.770783,-0.144924,-0.017981,-0.048250,-0.045639,0.133705,0.988793
1520437778668831492,0.734444,-0.132829,-0.024704,-0.049567,-0.039056,0.132349,0.989192
1520437778718832492,0.697828,-0.122894,-0.026548,-0.046590,-0.034025,0.129263,0.989931
1520437778768834492,0.662017,-0.115750,-0.026014,-0.041531,-0.031491,0.126575,0.990587
1520437778818835492,0.624510,-0.107632,-0.028808,-0.036700,-0.031817,0.123235,0.991188
1520437778868910492,0.585803,-0.102772,-0.032136,-0.030279,-0.032364,0.117497,0.992084
1520437778918869088,0.547983,-0.100607,-0.034564,-0.027888,-0.036637,0.110091,0.992854
1520437778968871088,0.510248,-0.100846,-0.035519,-0.030700,-0.039182,0.102925,0.993443
1520437779018873088,0.471856,-0.104354,-0.037090,-0.035119,-0.039408,0.096641,0.993919
1520437779068874088,0.432496,-0.111732,-0.038871,-0.040664,-0.039660,0.090427,0.994282
1520437779118876088,0.391810,-0.118622,-0.041511,-0.044301,-0.038572,0.083947,0.994737
1520437779168877088,0.349895,-0.127281,-0.040963,-0.047239,-0.034757,0.077391,0.995274
1520437779218879088,0.307027,-0.136151,-0.039314,-0.052381,-0.031165,0.070873,0.995621
1520437779268880088,0.261920,-0.145083,-0.036775,-0.053206,-0.024277,0.062587,0.996325
1520437779318884685,0.216468,-0.153528,-0.032322,-0.051726,-0.012331,0.053241,0.997165
1520437779368885685,0.169396,-0.160353,-0.025489,-0.052511,-0.005628,0.046335,0.997529
1520437779418887685,0.121607,-0.167718,-0.020041,-0.054106,-0.006524,0.038649,0.997766
1520437779468889685,0.075314,-0.175942,-0.015624,-0.054932,-0.008144,0.028816,0.998041
1520437779518890685,0.027945,-0.183777,-0.010647,-0.057770,-0.009318,0.018505,0.998115
1520437779568892685,-0.020114,-0.191909,-0.009312,-0.061919,-0.009415,0.008915,0.997997
1520437779618893685,-0.067587,-0.198833,-0.008846,-0.064249,-0.009004,0.001350,0.997892
1520437779668895685,-0.116944,-0.203895,-0.007687,-0.065633,-0.007622,-0.002589,0.997811
1520437779718896685,-0.167562,-0.209339,-0.008459,-0.068405,-0.005247,-0.001570,0.997643
1520437779768849071,-0.216847,-0.214605,-0.008073,-0.073051,-0.000556,0.002850,0.997324
1520437779818851071,-0.266153,-0.218533,-0.005405,-0.076931,0.007693,0.003884,0.996999
1520437779868853071,-0.318194,-0.221730,-0.004773,-0.072456,0.010197,0.000756,0.997319
1520437779918854071,-0.366611,-0.226904,-0.002358,-0.066217,0.009782,0.000724,0.997757
1520437779968856071,-0.413608,-0.231066,-0.001172,-0.068144,0.008629,0.002879,0.997634
1520437780018857071,-0.460076,-0.235761,0.001265,-0.067415,0.009169,0.004441,0.997673
1520437780068859071,-0.503305,-0.241995,0.001747,-0.061698,0.008133,0.002944,0.998057
1520437780118860071,-0.545659,-0.249128,-0.000115,-0.059628,0.007314,-0.001410,0.998193
1520437780168823246,-0.589885,-0.258038,-0.001386,-0.060610,0.006422,-0.004251,0.998132
1520437780218826246,-0.631418,-0.267548,-0.004421,-0.062264,0.006012,-0.006196,0.998022
1520437780268827246,-0.672588,-0.278208,-0.009097,-0.062902,0.004964,-0.007345,0.997980
1520437780318828246,-0.713356,-0.290033,-0.009393,-0.061014,0.005590,-0.008915,0.998081
1520437780368830246,-0.753781,-0.303512,-0.013391,-0.061244,0.008903,-0.011301,0.998019
1520437780418832246,-0.793380,-0.314640,-0.014692,-0.062772,0.012186,-0.016779,0.997812
1520437780468891246,-0.833307,-0.326088,-0.015334,-0.059047,0.011564,-0.020879,0.997970
1520437780518834246,-0.873220,-0.338082,-0.017691,-0.052714,0.014106,-0.023040,0.998244
1520437780568865088,-0.911506,-0.346134,-0.013724,-0.051441,0.016724,-0.023300,0.998264
1520437780618867088,-0.949137,-0.354214,-0.011112,-0.056455,0.012760,-0.022964,0.998059
1520437780668868088,-0.986658,-0.360277,-0.006226,-0.060515,0.009003,-0.024558,0.997825
1520437780718870088,-1.022856,-0.365914,-0.003409,-0.061002,0.006916,-0.028762,0.997699
1520437780768871088,-1.059991,-0.370263,-0.004374,-0.061136,0.006552,-0.033698,0.997539
1520437780818873088,-1.096061,-0.372596,-0.006019,-0.061445,0.005970,-0.038379,0.997354
1520437780868874088,-1.135984,-0.373903,-0.011567,-0.062593,0.003913,-0.041135,0.997183
1520437780918876088,-1.170456,-0.376031,-0.013259,-0.062601,0.001473,-0.041761,0.997163
1520437780968930422,-1.204677,-0.374832,-0.012027,-0.063225,0.002139,-0.040490,0.997175
1520437781018932422,-1.240727,-0.374895,-0.013308,-0.064319,0.008188,-0.039403,0.997118
1520437781068934422,-1.275540,-0.371071,-0.014944,-0.060436,0.013493,-0.039718,0.997290
1520437781118935422,-1.309719,-0.366155,-0.016687,-0.051061,0.016066,-0.041144,0.997718
1520437781168937422,-1.341197,-0.359721,-0.021197,-0.045444,0.015050,-0.045340,0.997824
1520437781218938422,-1.370663,-0.353368,-0.021644,-0.045120,0.014567,-0.052975,0.997470
1520437781268940422,-1.396692,-0.344470,-0.021412,-0.046118,0.015947,-0.062251,0.996867
1520437781318941422,-1.419704,-0.335188,-0.024062,-0.045998,0.018152,-0.073568,0.996063
1520437781368990930,-1.439887,-0.324647,-0.025736,-0.044794,0.020118,-0.085887,0.995094
1520437781418992930,-1.454498,-0.313218,-0.025168,-0.043942,0.021407,-0.098346,0.993951
1520437781468994930,-1.466750,-0.300632,-0.025048,-0.044815,0.022400,-0.109460,0.992728
1520437781518995930,-1.470989,-0.284899,-0.024586,-0.046563,0.024258,-0.119647,0.991427
1520437781568996930,-1.470269,-0.268397,-0.024690,-0.047396,0.027256,-0.129991,0.990007
1520437781618999930,-1.466508,-0.247560,-0.025420,-0.048427,0.029388,-0.140895,0.988403
1520437781668999930,-1.456396,-0.227992,-0.023142,-0.049505,0.030338,-0.152020,0.986671
1520437781719003930,-1.444547,-0.206902,-0.025116,-0.051795,0.032955,-0.162183,0.984849
1520437781769030299,-1.429627,-0.181583,-0.026546,-0.053588,0.034811,-0.172632,0.982911
1520437781819032299,-1.412714,-0.155294,-0.029469,-0.051946,0.032682,-0.182374,0.981312
1520437781869034299,-1.394336,-0.127834,-0.032490,-0.047766,0.030595,-0.191630,0.979827
1520437781919035299,-1.375022,-0.100681,-0.034463,-0.046851,0.029356,-0.199199,0.978398
1520437781969037299,-1.353718,-0.071489,-0.038290,-0.047890,0.028561,-0.203258,0.977536
1520437782019039299,-1.331348,-0.042934,-0.045498,-0.047278,0.028550,-0.204734,0.977258
1520437782069083299,-1.307720,-0.012407,-0.050836,-0.042247,0.026467,-0.204874,0.977518
1520437782119041299,-1.284047,0.019133,-0.054854,-0.035659,0.022126,-0.203030,0.978273
1520437782169043299,-1.257202,0.049939,-0.055630,-0.033706,0.019761,-0.199476,0.979123
1520437782219058053,-1.231435,0.083171,-0.058091,-0.040785,0.022843,-0.194761,0.979736
1520437782269060053,-1.211278,0.113782,-0.052452,-0.046974,0.028046,-0.189072,0.980438
1520437782319062053,-1.177378,0.151901,-0.062865,-0.050563,0.029964,-0.186573,0.980681
1520437782369063053,-1.144865,0.189343,-0.061244,-0.047656,0.027187,-0.183597,0.981469
1520437782419065053,-1.116247,0.225250,-0.065000,-0.042097,0.021397,-0.177295,0.983024
1520437782469066053,-1.091255,0.248141,-0.068988,-0.031422,0.015814,-0.169235,0.984948
1520437782519068053,-1.049166,0.288176,-0.062415,-0.023910,0.009689,-0.167275,0.985573
1520437782569069053,-1.016272,0.320972,-0.061663,-0.016059,0.003517,-0.163698,0.986374
1520437782619122772,-0.988564,0.348832,-0.066365,-0.007009,0.000777,-0.158225,0.987378
1520437782669124772,-0.959168,0.374198,-0.067709,-0.003627,0.001372,-0.154084,0.988050
1520437782719125772,-0.925482,0.399314,-0.079895,-0.006944,0.002632,-0.152031,0.988348
1520437782769127772,-0.894457,0.418605,-0.083900,-0.008169,0.003862,-0.148278,0.988904
1520437782819128772,-0.863062,0.434861,-0.085889,-0.009668,0.006862,-0.143791,0.989537
1520437782869130772,-0.829292,0.449983,-0.084331,-0.013382,0.009244,-0.137936,0.990308
1520437782919131772,-0.790071,0.461164,-0.081791,-0.017486,0.010299,-0.131574,0.991099
1520437782969133772,-0.752422,0.468765,-0.081635,-0.021739,0.008318,-0.124904,0.991896
1520437783019197808,-0.709699,0.473567,-0.080813,-0.026714,0.004151,-0.118360,0.992603
1520437783069199808,-0.664287,0.478015,-0.077831,-0.028219,-0.002859,-0.111328,0.993379
1520437783119200808,-0.620519,0.480696,-0.078652,-0.026959,-0.010495,-0.106504,0.993891
1520437783169202808,-0.580231,0.479635,-0.078377,-0.030199,-0.014595,-0.103861,0.994026
1520437783219203808,-0.537776,0.475954,-0.071604,-0.030485,-0.016907,-0.096617,0.994711
1520437783269205808,-0.503837,0.464775,-0.075218,-0.027479,-0.017390,-0.081690,0.996127
1520437783319206808,-0.468405,0.450575,-0.077138,-0.026180,-0.013040,-0.065524,0.997422
1520437783369208808,-0.438916,0.432548,-0.078141,-0.029983,-0.007569,-0.053828,0.998071
1520437783419165036,-0.411005,0.408415,-0.076147,-0.034544,-0.005257,-0.048697,0.998202
1520437783469167036,-0.385156,0.377678,-0.074921,-0.037968,-0.005810,-0.046912,0.998160
1520437783519168036,-0.364744,0.344319,-0.071987,-0.042336,-0.006610,-0.045361,0.998051
1520437783569170036,-0.347301,0.306148,-0.068205,-0.050960,-0.007353,-0.044885,0.997664
1520437783619172036,-0.330749,0.265147,-0.063933,-0.060743,-0.008056,-0.043639,0.997167
1520437783669200036,-0.315409,0.221911,-0.058617,-0.069451,-0.010655,-0.042856,0.996607
1520437783719174036,-0.299497,0.180768,-0.050375,-0.069680,-0.013350,-0.040150,0.996672
1520437783769176036,-0.285144,0.140544,-0.040324,-0.072468,-0.016018,-0.038620,0.996494
1520437783819090229,-0.270598,0.102680,-0.030089,-0.079267,-0.014418,-0.039103,0.995982
1520437783869092229,-0.257470,0.063177,-0.022473,-0.083737,-0.010799,-0.039138,0.995660
1520437783919094229,-0.245617,0.022891,-0.013962,-0.085346,-0.007140,-0.038052,0.995599
1520437783969095229,-0.233277,-0.019894,-0.010629,-0.089388,-0.003092,-0.036563,0.995321
1520437784019097229,-0.221586,-0.064028,-0.008820,-0.093272,-0.000676,-0.035281,0.995015
1520437784069098229,-0.210620,-0.109653,-0.007756,-0.095896,0.000180,-0.034235,0.994802
1520437784119100229,-0.199618,-0.156567,-0.008510,-0.099556,0.001930,-0.034466,0.994433
1520437784169101229,-0.186805,-0.205694,-0.009662,-0.103556,0.004186,-0.036715,0.993937
1520437784219103229,-0.175621,-0.255473,-0.011264,-0.106325,0.007814,-0.040146,0.993490
1520437784268969579,-0.165042,-0.304030,-0.007053,-0.113052,0.009585,-0.044299,0.992555
1520437784318970579,-0.155201,-0.349257,-0.001928,-0.119967,0.005919,-0.049740,0.991513
1520437784368972579,-0.144752,-0.390757,0.001520,-0.121151,0.003050,-0.056513,0.991019
1520437784418974579,-0.134794,-0.428697,0.006822,-0.117167,-0.002634,-0.056535,0.991498
1520437784468975579,-0.123174,-0.464551,0.010473,-0.112329,-0.004444,-0.052381,0.992279
1520437784518976579,-0.112304,-0.500190,0.013554,-0.109843,-0.005413,-0.047133,0.992816
1520437784568978579,-0.101185,-0.535911,0.011552,-0.109080,-0.007599,-0.045502,0.992962
1520437784618979579,-0.089368,-0.571956,0.008982,-0.107472,-0.009403,-0.044914,0.993149
1520437784668920474,-0.076244,-0.606924,0.002130,-0.108939,-0.009726,-0.040303,0.993183
1520437784718921474,-0.059955,-0.642291,0.000295,-0.111948,-0.008674,-0.031747,0.993169
1520437784768923474,-0.044572,-0.676096,-0.003000,-0.115551,-0.005230,-0.025441,0.992962
1520437784818925474,-0.027881,-0.707044,-0.005142,-0.118284,-0.004478,-0.022242,0.992721
1520437784868926474,-0.010778,-0.733909,-0.008957,-0.116796,-0.006648,-0.018732,0.992957
1520437784918927474,0.006676,-0.755370,-0.010006,-0.116203,-0.008307,-0.016285,0.993057
1520437784968929474,0.027799,-0.770632,-0.007459,-0.114197,-0.010622,-0.012430,0.993324
1520437785018931474,0.049664,-0.781247,-0.005068,-0.112229,-0.012961,-0.007687,0.993568
1520437785069029457,0.075018,-0.789711,-0.003380,-0.113256,-0.014459,-0.004329,0.993451
1520437785119030457,0.100767,-0.794110,-0.002279,-0.117477,-0.013084,-0.004728,0.992978
1520437785169032457,0.127211,-0.794814,-0.000872,-0.123473,-0.010769,-0.009864,0.992241
1520437785219034457,0.153090,-0.789741,-0.002861,-0.128583,-0.009147,-0.018348,0.991487
1520437785269044457,0.179167,-0.779319,-0.005299,-0.124910,-0.007645,-0.026817,0.991776
1520437785319036457,0.204247,-0.765039,-0.008942,-0.113834,-0.010741,-0.034493,0.992843
1520437785369038457,0.227906,-0.747527,-0.013834,-0.104883,-0.018033,-0.040671,0.993489
1520437785419039457,0.252628,-0.726958,-0.015574,-0.100811,-0.021540,-0.046322,0.993593
1520437785469120755,0.274253,-0.702479,-0.018331,-0.098874,-0.022810,-0.047694,0.993695
1520437785519122755,0.294403,-0.675465,-0.023638,-0.097741,-0.022296,-0.045269,0.993932
1520437785569123755,0.313650,-0.646409,-0.029385,-0.096252,-0.022012,-0.040637,0.994283
1520437785619125755,0.332703,-0.615059,-0.032956,-0.095078,-0.021755,-0.035118,0.994612
1520437785669126755,0.349066,-0.580157,-0.039088,-0.095577,-0.018940,-0.030744,0.994767
1520437785719128755,0.364223,-0.542737,-0.042728,-0.092801,-0.015848,-0.028147,0.995161
1520437785769129755,0.376385,-0.500821,-0.048727,-0.080973,-0.013504,-0.023728,0.996342
1520437785819131755,0.387085,-0.458626,-0.054660,-0.064940,-0.010382,-0.018127,0.997671
1520437785869099650,0.395742,-0.416676,-0.059747,-0.059018,-0.006781,-0.020915,0.998015
1520437785919100650,0.404719,-0.375011,-0.063879,-0.053934,-0.007253,-0.030499,0.998052
1520437785969102650,0.412363,-0.336370,-0.065879,-0.044747,-0.010604,-0.039389,0.998165
1520437786019104650,0.421669,-0.301019,-0.071288,-0.039928,-0.013028,-0.044872,0.998110
1520437786069105650,0.428685,-0.266219,-0.075559,-0.042736,-0.011190,-0.047842,0.997878
1520437786119106650,0.440607,-0.233061,-0.074451,-0.047161,-0.008899,-0.052751,0.997454
1520437786169108650,0.451404,-0.198711,-0.077868,-0.051779,-0.008370,-0.059450,0.996852
1520437786219110650,0.465152,-0.164510,-0.079364,-0.054392,-0.009020,-0.064936,0.996365
1520437786269115720,0.479561,-0.130153,-0.081208,-0.056132,-0.008204,-0.067979,0.996073
1520437786319117720,0.493979,-0.095689,-0.082627,-0.056044,-0.007991,-0.074460,0.995616
1520437786369118720,0.509722,-0.062334,-0.084303,-0.048561,-0.012683,-0.082391,0.995335
1520437786419120720,0.529392,-0.031663,-0.083564,-0.041599,-0.020781,-0.087327,0.995094
1520437786469122720,0.546445,0.000159,-0.082966,-0.037169,-0.023361,-0.086297,0.995302
1520437786519123720,0.562386,0.031600,-0.078348,-0.035664,-0.018950,-0.080620,0.995926
1520437786569125720,0.577706,0.060247,-0.076644,-0.040969,-0.014902,-0.072288,0.996431
1520437786619126720,0.593283,0.085967,-0.071742,-0.046440,-0.014220,-0.061966,0.996896
1520437786669128720,0.606824,0.110347,-0.075569,-0.049924,-0.016124,-0.050540,0.997343
1520437786719139404,0.622697,0.132409,-0.075227,-0.051308,-0.017644,-0.039964,0.997727
1520437786769141404,0.637707,0.155384,-0.077321,-0.052307,-0.017832,-0.029551,0.998034
1520437786819142404,0.651320,0.178895,-0.078262,-0.053488,-0.018625,-0.018070,0.998231
1520437786869144404,0.666664,0.199332,-0.080298,-0.055023,-0.018036,-0.005822,0.998305
1520437786919145404,0.681271,0.217630,-0.086002,-0.055657,-0.016355,0.008567,0.998279
1520437786969147404,0.694452,0.234782,-0.093400,-0.047902,-0.012792,0.020117,0.998567
1520437787019149404,0.708798,0.249401,-0.095972,-0.033917,-0.014187,0.027044,0.998958
1520437787069150404,0.724340,0.258830,-0.103348,-0.026119,-0.020371,0.031916,0.998942
1520437787119185316,0.739101,0.262093,-0.112623,-0.022712,-0.022108,0.035342,0.998873
1520437787169186316,0.757078,0.260202,-0.115165,-0.016539,-0.017307,0.037328,0.999016
1520437787219188316,0.774692,0.253111,-0.118816,-0.013140,-0.011981,0.038059,0.999117
1520437787269189316,0.789680,0.240404,-0.121482,-0.014523,-0.011062,0.036854,0.999154
1520437787319191316,0.806850,0.222724,-0.120620,-0.018596,-0.013446,0.035659,0.999101
1520437787369192316,0.821611,0.202164,-0.118646,-0.024936,-0.017226,0.035055,0.998926
1520437787419194316,0.837349,0.179012,-0.112027,-0.032276,-0.021148,0.033670,0.998688
1520437787469196316,0.850710,0.153644,-0.103465,-0.044096,-0.022020,0.027333,0.998411
1520437787519256053,0.861230,0.127246,-0.092750,-0.052365,-0.024672,0.017164,0.998176
1520437787569258053,0.867361,0.099866,-0.083004,-0.057139,-0.026840,0.008075,0.997973
1520437787619259053,0.870424,0.070898,-0.075448,-0.059820,-0.027388,0.003758,0.997826
1520437787669261053,0.869288,0.040318,-0.071440,-0.067406,-0.024473,0.002744,0.997422
1520437787719262053,0.867506,0.006750,-0.068730,-0.079205,-0.019225,0.001946,0.996671
1520437787769264053,0.862237,-0.028811,-0.068258,-0.086552,-0.013755,0.001467,0.996151
1520437787819265053,0.855683,-0.066894,-0.071021,-0.087166,-0.006984,0.001028,0.996169
1520437787869268053,0.847979,-0.106533,-0.074002,-0.088803,-0.001328,0.001652,0.996047
1520437787919165544,0.839037,-0.146384,-0.072405,-0.092627,0.001177,0.003631,0.995694
1520437787969166544,0.829569,-0.185975,-0.077128,-0.093443,-0.001392,0.008086,0.995591
1520437788019168544,0.818110,-0.224400,-0.078991,-0.083510,-0.003149,0.009072,0.996461
1520437788069170544,0.807548,-0.262591,-0.079781,-0.079457,-0.006567,0.007384,0.996789
1520437788119171544,0.794458,-0.299588,-0.081553,-0.086518,-0.008386,0.008276,0.996181
1520437788169173544,0.779398,-0.334216,-0.084288,-0.092534,-0.006726,0.007726,0.995657
1520437788219174544,0.762594,-0.368138,-0.088348,-0.089526,-0.002366,0.004684,0.995971
1520437788269176544,0.744756,-0.402427,-0.086803,-0.080325,0.002238,-0.000225,0.996766
1520437788319112650,0.722076,-0.436357,-0.082004,-0.078161,0.004717,-0.007192,0.996904
1520437788369113650,0.697757,-0.472145,-0.066060,-0.084911,0.005087,-0.017967,0.996214
1520437788419114650,0.670045,-0.507163,-0.043512,-0.098057,0.003659,-0.030567,0.994705
1520437788469120650,0.640240,-0.540391,-0.014422,-0.112289,0.002431,-0.042429,0.992766
1520437788519117650,0.610834,-0.571644,0.020395,-0.126435,0.001441,-0.051857,0.990617
1520437788569119650,0.581503,-0.598312,0.057472,-0.141177,0.002970,-0.061388,0.988075
1520437788619121650,0.551328,-0.620748,0.093835,-0.150741,0.003555,-0.068922,0.986161
1520437788669122650,0.522241,-0.639931,0.131858,-0.157040,0.002589,-0.077041,0.984579
1520437788719145702,0.495629,-0.652410,0.165909,-0.169338,0.001721,-0.079993,0.982305
1520437788769103404,0.470153,-0.661125,0.203144,-0.181928,0.001452,-0.078846,0.980145
1520437788819105404,0.443480,-0.665696,0.234170,-0.193471,0.000521,-0.077659,0.978027
1520437788869106404,0.418451,-0.668817,0.261894,-0.201492,-0.000863,-0.078603,0.976331
1520437788919108404,0.394221,-0.670039,0.289623,-0.206471,-0.003484,-0.081093,0.975080
1520437788969110404,0.365579,-0.668616,0.315617,-0.211786,-0.007134,-0.081248,0.973907
1520437789019111404,0.339289,-0.664600,0.339174,-0.217503,-0.007577,-0.076241,0.973048
1520437789069113404,0.312300,-0.660149,0.356658,-0.221288,-0.004922,-0.067411,0.972863
1520437789119114404,0.285006,-0.654493,0.370918,-0.222652,-0.002733,-0.058595,0.973132
1520437789168958229,0.256906,-0.646977,0.377970,-0.223546,0.000210,-0.048878,0.973467
1520437789218959229,0.230497,-0.639290,0.381246,-0.219923,0.003220,-0.039118,0.974727
1520437789268961229,0.204605,-0.631022,0.374056,-0.214796,0.005448,-0.031147,0.976147
1520437789318962229,0.181615,-0.621067,0.356825,-0.207687,0.009403,-0.026040,0.977804
1520437789368964229,0.158605,-0.612369,0.332229,-0.196405,0.011818,-0.024016,0.980157
1520437789418965229,0.136277,-0.601390,0.301646,-0.186085,0.009440,-0.024407,0.982185
1520437789468968229,0.116499,-0.588911,0.263980,-0.177117,0.008082,-0.024915,0.983841
1520437789518969229,0.097990,-0.575613,0.221353,-0.164688,0.007413,-0.026467,0.985963
1520437789568921597,0.081050,-0.560661,0.174099,-0.150459,0.004254,-0.027990,0.988211
1520437789618923597,0.065351,-0.543689,0.124081,-0.133279,-0.001762,-0.031233,0.990585
1520437789668925597,0.050517,-0.524790,0.076383,-0.110215,-0.003331,-0.036621,0.993227
1520437789718926597,0.036046,-0.502940,0.028196,-0.089364,-0.005564,-0.040099,0.995176
1520437789768928597,0.022933,-0.477974,-0.017569,-0.068214,-0.005358,-0.038093,0.996929
1520437789818929597,0.011353,-0.451482,-0.056724,-0.048446,-0.007872,-0.037839,0.998078
1520437789868931597,0.001469,-0.421763,-0.096960,-0.031835,-0.015097,-0.035591,0.998745
1520437789918932597,-0.009164,-0.391602,-0.132419,-0.017277,-0.018084,-0.032660,0.999154
1520437789969109825,-0.020276,-0.359035,-0.160849,-0.004212,-0.017444,-0.030739,0.999366
1520437790019111825,-0.031151,-0.330192,-0.189745,0.005319,-0.017643,-0.028035,0.999437
1520437790069112825,-0.043122,-0.303103,-0.215130,0.014556,-0.017266,-0.025852,0.999411
1520437790119113825,-0.055222,-0.277487,-0.238905,0.022729,-0.016182,-0.023304,0.999339
1520437790169115825,-0.070847,-0.252114,-0.258887,0.031595,-0.013622,-0.018097,0.999244
1520437790219116825,-0.087136,-0.229806,-0.279782,0.042447,-0.011219,-0.010941,0.998976
1520437790269118825,-0.103467,-0.208206,-0.293010,0.051836,-0.008333,-0.001335,0.998620
1520437790319120825,-0.123866,-0.187989,-0.299344,0.054996,-0.006126,0.007880,0.998437
1520437790369453053,-0.146771,-0.171486,-0.298203,0.054550,-0.005073,0.015957,0.998371
1520437790419455053,-0.168666,-0.158178,-0.287719,0.052018,-0.004370,0.025634,0.998308
1520437790469456053,-0.189455,-0.150263,-0.268797,0.043367,-0.006109,0.036504,0.998373
1520437790519458053,-0.214283,-0.148104,-0.247623,0.030590,-0.005233,0.045497,0.998482
1520437790569459053,-0.232899,-0.149023,-0.217305,0.017791,-0.002715,0.048210,0.998675
1520437790619461053,-0.250887,-0.152375,-0.179920,0.001015,-0.003348,0.045788,0.998945
1520437790669463053,-0.266114,-0.156392,-0.142158,-0.015333,-0.001754,0.039503,0.999100
1520437790719464053,-0.280327,-0.157992,-0.098001,-0.036261,-0.002091,0.031991,0.998828
1520437790769437071,-0.293015,-0.155555,-0.047510,-0.060124,-0.002928,0.024257,0.997892
1520437790819438071,-0.305066,-0.150310,0.002846,-0.082584,-0.003953,0.017894,0.996416
1520437790869440071,-0.315622,-0.141439,0.056158,-0.103681,-0.005455,0.013149,0.994509
1520437790919441071,-0.324915,-0.126523,0.107922,-0.125277,-0.004523,0.009784,0.992063
1520437790969443071,-0.334190,-0.107572,0.156253,-0.146164,-0.006849,0.009339,0.989193
1520437791019444071,-0.339108,-0.085779,0.202342,-0.161894,-0.007051,0.009053,0.986741
1520437791069446071,-0.344790,-0.064050,0.240170,-0.173776,-0.002663,0.007975,0.984749
1520437791119448071,-0.350660,-0.042446,0.273160,-0.177292,0.001370,0.003471,0.984151
1520437791169607895,-0.357628,-0.019961,0.301565,-0.178451,0.002410,-0.003241,0.983941
1520437791219138860,-0.365428,-0.000481,0.331760,-0.180413,-0.000087,-0.007366,0.983563
1520437791269140860,-0.371231,0.018037,0.353758,-0.180786,-0.003824,-0.008001,0.983483
1520437791319141860,-0.377072,0.035105,0.370259,-0.176643,-0.003981,-0.006664,0.984244
1520437791369142860,-0.382171,0.052095,0.383167,-0.172263,-0.004342,-0.004002,0.985033
1520437791419144860,-0.387411,0.067358,0.393665,-0.170835,-0.004819,-0.000205,0.985288
1520437791469146860,-0.392688,0.082395,0.396632,-0.172109,-0.005578,0.002456,0.985059
1520437791519151860,-0.396491,0.098564,0.392679,-0.172113,-0.008409,0.004030,0.985033
1520437791569149860,-0.399884,0.112544,0.378203,-0.166113,-0.011956,0.005282,0.986020
1520437791619152755,-0.404262,0.125651,0.353840,-0.154878,-0.016049,0.006897,0.987779
1520437791669154755,-0.409008,0.139083,0.322794,-0.141720,-0.020293,0.009742,0.989651
1520437791719252755,-0.414746,0.154028,0.285080,-0.131705,-0.025187,0.013890,0.990872
1520437791769157755,-0.419349,0.168094,0.240667,-0.122944,-0.028671,0.018515,0.991827
1520437791819159755,-0.422514,0.183395,0.191803,-0.110147,-0.030669,0.021217,0.993215
1520437791869160755,-0.428036,0.201341,0.143035,-0.093642,-0.033755,0.021851,0.994794
1520437791919162755,-0.435047,0.223629,0.095822,-0.075683,-0.032141,0.023761,0.996331
1520437791969163755,-0.439769,0.244930,0.044329,-0.061232,-0.027321,0.025420,0.997426
1520437792019235650,-0.445347,0.268199,-0.003798,-0.048143,-0.023043,0.026640,0.998219
1520437792069236650,-0.447991,0.291789,-0.052227,-0.030790,-0.021419,0.027236,0.998925
1520437792119238650,-0.454243,0.315258,-0.094020,-0.013101,-0.023589,0.027458,0.999259
1520437792169239650,-0.459101,0.339711,-0.125903,-0.000066,-0.024303,0.026815,0.999345
1520437792219241650,-0.468678,0.360061,-0.163536,0.007553,-0.026660,0.021727,0.999380
1520437792269243650,-0.477584,0.383878,-0.190082,0.015413,-0.029967,0.012960,0.999348
1520437792319244650,-0.490947,0.403322,-0.215326,0.027945,-0.036682,0.001649,0.998935
1520437792369246650,-0.506775,0.420291,-0.235798,0.037258,-0.042336,-0.013735,0.998314
1520437792419415579,-0.532459,0.435089,-0.245748,0.041114,-0.049185,-0.033092,0.997394
1520437792469417579,-0.565091,0.450472,-0.248666,0.043093,-0.051074,-0.051529,0.996433
1520437792519418579,-0.600662,0.463078,-0.246287,0.040900,-0.049251,-0.066079,0.995759
1520437792569420579,-0.642619,0.474791,-0.237973,0.032932,-0.041415,-0.077574,0.995581
1520437792619422579,-0.688757,0.484584,-0.227122,0.020126,-0.029259,-0.085023,0.995746
1520437792669424579,-0.738860,0.494132,-0.216839,0.006279,-0.016723,-0.092614,0.995542
1520437792719425579,-0.789052,0.507125,-0.211589,-0.003929,-0.002761,-0.097514,0.995223
1520437792769427579,-0.841602,0.518658,-0.184538,-0.006903,0.008701,-0.107701,0.994121
1520437792819557071,-0.891822,0.525677,-0.152442,-0.012419,0.019433,-0.118202,0.992722
1520437792869558071,-0.936183,0.531755,-0.108136,-0.022841,0.030983,-0.126197,0.991258
1520437792919560071,-0.973259,0.533065,-0.060017,-0.039537,0.042723,-0.134420,0.989213
1520437792969562071,-1.002492,0.528100,-0.006896,-0.054165,0.056265,-0.143155,0.986614
1520437793019563071,-1.029640,0.515848,0.050304,-0.070001,0.073764,-0.150560,0.983357
1520437793069565071,-1.048392,0.497204,0.110266,-0.089249,0.093296,-0.155415,0.979376
1520437793119569071,-1.059192,0.476404,0.164634,-0.113138,0.110328,-0.157095,0.974858
1520437793169568071,-1.064361,0.452115,0.217264,-0.133781,0.121337,-0.154061,0.971414
1520437793219491404,-1.061036,0.420782,0.268796,-0.154375,0.126160,-0.146018,0.968984
1520437793269492404,-1.050857,0.384571,0.321784,-0.172957,0.127579,-0.131799,0.967698
1520437793319570404,-1.036965,0.346316,0.362522,-0.193051,0.128571,-0.113819,0.966047
1520437793369495404,-0.997225,0.306862,0.453629,-0.199583,0.128697,-0.093497,0.966883
1520437793419497404,-0.969986,0.266367,0.476700,-0.211588,0.122804,-0.071466,0.966976
1520437793469498404,-0.934255,0.220488,0.511410,-0.214671,0.114172,-0.049692,0.968716
1520437793519500404,-0.894023,0.178556,0.528047,-0.215413,0.100216,-0.026979,0.970992
1520437793569501404,-0.889273,0.131305,0.443142,-0.233264,0.085238,-0.000479,0.968670
1520437793619503404,-0.854275,0.088586,0.434933,-0.230996,0.065741,0.022535,0.970470
1520437793669404825,-0.816952,0.048377,0.422312,-0.224086,0.043950,0.043865,0.972589
1520437793719406825,-0.781810,0.008000,0.390557,-0.211701,0.025896,0.061857,0.975031
1520437793769407825,-0.749576,-0.035792,0.324920,-0.201489,0.009979,0.079214,0.976231
1520437793819409825,-0.719373,-0.069317,0.284799,-0.186291,-0.007653,0.096402,0.977724
1520437793869411825,-0.690220,-0.098235,0.230033,-0.176653,-0.023512,0.113972,0.977370
1520437793919412825,-0.666553,-0.118824,0.176902,-0.164203,-0.032464,0.131489,0.977084
1520437793969414825,-0.648249,-0.131566,0.125526,-0.146614,-0.035297,0.141971,0.978316
1520437794019415825,-0.639426,-0.138850,0.062934,-0.127807,-0.033621,0.145422,0.980504
1520437794069222106,-0.635576,-0.135379,0.001959,-0.103014,-0.038342,0.141648,0.983796
1520437794119223106,-0.643121,-0.123069,-0.052589,-0.076830,-0.048667,0.129509,0.987399
1520437794169225106,-0.664657,-0.102015,-0.102632,-0.052099,-0.059694,0.112278,0.990513
1520437794219226106,-0.692031,-0.072821,-0.148243,-0.027624,-0.066464,0.089612,0.993373
1520437794269229106,-0.719826,-0.033044,-0.184435,-0.004058,-0.077009,0.057266,0.995376
1520437794319230106,-0.755278,0.010049,-0.214748,0.018785,-0.081709,0.020727,0.996264
1520437794369231106,-0.793553,0.057909,-0.229855,0.036868,-0.082194,-0.022388,0.995683
1520437794419233106,-0.838009,0.106993,-0.228181,0.047455,-0.077609,-0.064289,0.993777
1520437794469350334,-0.877184,0.155468,-0.214929,0.052515,-0.059511,-0.099217,0.991895
1520437794519351334,-0.915290,0.198050,-0.186745,0.049809,-0.031955,-0.133157,0.989327
1520437794569352334,-0.948952,0.232108,-0.142446,0.041143,0.001550,-0.164917,0.985448
1520437794619354334,-0.976461,0.255594,-0.087417,0.026901,0.031099,-0.189139,0.981089
1520437794669356334,-0.996169,0.268647,-0.025698,0.001523,0.058302,-0.203948,0.977243
1520437794719357334,-0.958637,0.245581,0.111690,-0.013284,0.078999,-0.213442,0.973666
1520437794769359334,-0.959596,0.235588,0.169340,-0.039200,0.104045,-0.212917,0.970724
1520437794819361334,-0.964596,0.235380,0.190243,-0.078523,0.128832,-0.204074,0.967259
1520437794869595106,-0.960689,0.214524,0.240327,-0.109142,0.146316,-0.191588,0.964352
1520437794919652106,-0.933183,0.184394,0.303560,-0.138123,0.156968,-0.175116,0.962090
1520437794969598106,-0.894833,0.148803,0.352109,-0.159302,0.162062,-0.152911,0.961757
1520437795019600106,-0.853011,0.110104,0.389465,-0.174567,0.164188,-0.126894,0.962531
1520437795069601106,-0.798492,0.070352,0.422979,-0.188752,0.157946,-0.097815,0.964291
1520437795119603106,-0.743089,0.028574,0.437764,-0.198384,0.142432,-0.066521,0.967436
1520437795169604106,-0.687547,-0.011618,0.431520,-0.202740,0.126496,-0.035960,0.970362
1520437795219606106,-0.634986,-0.056115,0.435123,-0.204189,0.104610,-0.008487,0.973289
1520437795269313632,-0.584132,-0.093003,0.419996,-0.206758,0.077187,0.018472,0.975168
1520437795319315632,-0.531293,-0.128616,0.395788,-0.200365,0.049688,0.042576,0.977534
1520437795369316632,-0.483679,-0.159375,0.358701,-0.186557,0.025362,0.062061,0.980154
1520437795419318632,-0.441158,-0.186123,0.310377,-0.171294,0.002998,0.077811,0.982138
1520437795469320632,-0.386372,-0.206607,0.268736,-0.153282,-0.013307,0.092954,0.983711
1520437795519321632,-0.351510,-0.216815,0.207294,-0.137129,-0.025948,0.111587,0.983906
1520437795569323632,-0.313917,-0.215525,0.143969,-0.116472,-0.036319,0.126024,0.984496
1520437795619324632,-0.283867,-0.205806,0.080453,-0.092168,-0.048898,0.134713,0.985376
1520437795669224176,-0.260474,-0.185840,0.017019,-0.067188,-0.060611,0.133125,0.986960
1520437795719226176,-0.244169,-0.156759,-0.045292,-0.043693,-0.068923,0.120168,0.989394
1520437795769227176,-0.242100,-0.119211,-0.097157,-0.021747,-0.078001,0.097665,0.991920
1520437795819228176,-0.248063,-0.071745,-0.140778,-0.003331,-0.086459,0.068722,0.993877
1520437795869231176,-0.261428,-0.019078,-0.179672,0.012913,-0.094098,0.036895,0.994795
1520437795919232176,-0.281540,0.040116,-0.212010,0.028815,-0.096567,0.000764,0.994909
1520437795969233176,-0.305410,0.105948,-0.224204,0.046448,-0.094371,-0.039744,0.993658
1520437796019235176,-0.331560,0.173022,-0.229855,0.065559,-0.081249,-0.078520,0.991431
1520437796069237176,-0.360168,0.235959,-0.223836,0.075436,-0.066161,-0.116830,0.988070
1520437796119460439,-0.381985,0.292331,-0.202497,0.075827,-0.048990,-0.151849,0.984272
1520437796169460439,-0.402433,0.338420,-0.163081,0.071608,-0.027435,-0.184385,0.979858
1520437796219462439,-0.416364,0.370286,-0.114192,0.055745,0.004639,-0.213600,0.975318
1520437796269464439,-0.427190,0.388294,-0.048745,0.028178,0.036638,-0.236610,0.970505
1520437796319465439,-0.432968,0.395514,0.017451,-0.004255,0.070506,-0.252608,0.964987
1520437796369467439,-0.428052,0.390559,0.092879,-0.038252,0.101136,-0.260057,0.959520
1520437796419469439,-0.416276,0.376903,0.168845,-0.068413,0.128005,-0.257221,0.955391
1520437796469470439,-0.396587,0.353644,0.233641,-0.097424,0.151923,-0.242095,0.953320
1520437796519698211,-0.368519,0.322529,0.296778,-0.120604,0.173347,-0.221675,0.951980
1520437796569666211,-0.328818,0.288230,0.349758,-0.141182,0.185352,-0.199232,0.951850
1520437796619667211,-0.285336,0.247596,0.390347,-0.159678,0.186266,-0.177172,0.953110
1520437796669669211,-0.245717,0.205562,0.423755,-0.173513,0.178947,-0.154503,0.956034
1520437796719671211,-0.196901,0.161475,0.445190,-0.188257,0.172191,-0.132897,0.957731
1520437796769672211,-0.147760,0.120326,0.455502,-0.207062,0.160677,-0.105389,0.959271
1520437796819674211,-0.099102,0.079391,0.455612,-0.223289,0.140457,-0.073824,0.961750
1520437796869675211,-0.054255,0.040011,0.446375,-0.230953,0.112265,-0.040900,0.965601
1520437796919424860,-0.004718,-0.000833,0.419771,-0.226589,0.088278,-0.010959,0.969920
1520437796969425860,0.032374,-0.036036,0.382001,-0.214478,0.068038,0.019990,0.974151
1520437797019427860,0.072290,-0.063309,0.325868,-0.201504,0.047806,0.045644,0.977255
1520437797069429860,0.108183,-0.084675,0.268821,-0.188785,0.027050,0.065565,0.979454
1520437797119430860,0.145783,-0.100707,0.202404,-0.177231,0.005364,0.080331,0.980871
1520437797169432860,0.173142,-0.100210,0.134016,-0.159073,-0.014445,0.089725,0.983075
1520437797219434860,0.195766,-0.090104,0.064403,-0.130907,-0.033047,0.092999,0.986470
1520437797269435860,0.210778,-0.070065,-0.008104,-0.099969,-0.048029,0.088323,0.989898
1520437797319312018,0.220037,-0.039251,-0.077207,-0.070997,-0.059869,0.076557,0.992731
1520437797369314018,0.221681,0.004670,-0.133579,-0.039890,-0.069972,0.054342,0.995269
1520437797419315018,0.212684,0.056212,-0.178330,-0.006126,-0.078940,0.027704,0.996476
1520437797469317018,0.195590,0.112188,-0.218157,0.023422,-0.085995,-0.004379,0.996011
1520437797519319018,0.174546,0.167969,-0.243457,0.047322,-0.091597,-0.038528,0.993925
1520437797569321018,0.146095,0.231562,-0.254077,0.066111,-0.091596,-0.070888,0.991067
1520437797619322018,0.115626,0.284944,-0.254753,0.075991,-0.082981,-0.108793,0.987676
1520437797669324018,0.080796,0.331850,-0.253270,0.077750,-0.070713,-0.142506,0.984199
1520437797719582702,0.045771,0.369123,-0.214252,0.078343,-0.048877,-0.167226,0.981585
1520437797769584702,0.014330,0.390542,-0.167737,0.067784,-0.021650,-0.185090,0.980142
1520437797819585702,-0.012824,0.398457,-0.117738,0.050490,0.006280,-0.201693,0.978126
1520437797869587702,-0.036001,0.394250,-0.064232,0.030579,0.032958,-0.216472,0.975253
1520437797919588702,-0.049504,0.375965,-0.002374,0.008023,0.057326,-0.227035,0.972165
1520437797969590702,-0.047072,0.353091,0.099856,-0.012821,0.080201,-0.230908,0.969580
1520437798019591702,-0.063573,0.323188,0.119858,-0.051684,0.102432,-0.225461,0.967473
1520437798069593702,-0.063941,0.284803,0.180272,-0.087517,0.119812,-0.215551,0.965155
1520437798119692650,-0.054788,0.241694,0.237396,-0.120933,0.132152,-0.201360,0.962998
1520437798169683650,-0.041215,0.195439,0.278190,-0.151998,0.135631,-0.185180,0.961358
1520437798219684650,-0.018297,0.147327,0.316366,-0.179126,0.127838,-0.169175,0.960703
1520437798269686650,0.004513,0.100689,0.350431,-0.200764,0.111658,-0.153073,0.961143
1520437798319688650,0.033629,0.053274,0.370962,-0.221932,0.090799,-0.135228,0.961361
1520437798369689650,0.068738,0.002870,0.366551,-0.242419,0.067089,-0.118490,0.960569
1520437798419691650,0.100794,-0.039885,0.364420,-0.251752,0.044756,-0.103781,0.961170
1520437798469692650,0.131811,-0.080520,0.347597,-0.252284,0.027545,-0.092455,0.962832
1520437798519694650,0.164818,-0.115728,0.322755,-0.243050,0.010028,-0.080935,0.966579
1520437798569392702,0.201683,-0.139532,0.289480,-0.224786,-0.000706,-0.068154,0.972022
1520437798619394702,0.234711,-0.166597,0.230797,-0.203605,-0.006772,-0.055361,0.977463
1520437798669396702,0.268439,-0.175965,0.175850,-0.180327,-0.009150,-0.040709,0.982721
1520437798719397702,0.302309,-0.176905,0.111223,-0.158391,-0.009370,-0.025292,0.987008
1520437798769399702,0.335036,-0.164257,0.044650,-0.131616,-0.004919,-0.005239,0.991275
1520437798819400702,0.363619,-0.136541,-0.014296,-0.096395,0.005474,0.022595,0.995072
1520437798869402702,0.392987,-0.096616,-0.072262,-0.057142,0.013530,0.056834,0.996655
1520437798919403702,0.422782,-0.045885,-0.121489,-0.014858,0.023042,0.093369,0.995254
1520437798969349632,0.449041,0.013178,-0.168617,0.020105,0.028754,0.131152,0.990741
1520437799019350632,0.487539,0.079737,-0.202541,0.045595,0.034926,0.169441,0.983865
1520437799069352632,0.501600,0.151625,-0.196261,0.067331,0.036326,0.213119,0.974026
1520437799119354632,0.609443,0.194923,-0.275322,0.058895,0.021536,0.243392,0.967899
1520437799169356632,0.644587,0.260908,-0.275710,0.051451,0.013059,0.287386,0.956343
1520437799219357632,0.666253,0.322311,-0.244326,0.037966,0.002694,0.326170,0.944544
1520437799269359632,0.675082,0.370069,-0.202941,0.020231,-0.011454,0.352338,0.935584
1520437799319360632,0.658676,0.397016,-0.148245,0.006489,-0.032853,0.369179,0.928755
1520437799369826211,0.617219,0.400568,-0.057120,-0.006408,-0.059908,0.380653,0.922753
1520437799419827211,0.639907,0.407436,0.039731,-0.018443,-0.089464,0.375864,0.922162
1520437799469829211,0.600218,0.378323,0.163341,-0.024672,-0.109579,0.375458,0.920008
1520437799519830211,0.598560,0.364985,0.211172,-0.038918,-0.130183,0.359458,0.923216
1520437799569832211,0.594348,0.344218,0.255087,-0.053294,-0.148264,0.335119,0.928910
1520437799619834211,0.553843,0.296748,0.337483,-0.062941,-0.157631,0.309815,0.935524
1520437799669835211,0.530457,0.254725,0.372176,-0.083958,-0.165068,0.274784,0.943503
1520437799719837211,0.511231,0.211944,0.407805,-0.104174,-0.164041,0.236675,0.951957
1520437799769760316,0.490120,0.169290,0.428744,-0.127659,-0.157448,0.198239,0.958965
1520437799819761316,0.463528,0.127863,0.449154,-0.149005,-0.146538,0.159887,0.964759
1520437799869763316,0.441566,0.084205,0.461212,-0.163882,-0.135568,0.124073,0.969211
1520437799919765316,0.417693,0.040118,0.457284,-0.171812,-0.121895,0.088318,0.973562
1520437799969766316,0.396827,-0.001096,0.437578,-0.176119,-0.100153,0.051693,0.977895
1520437800019768316,0.373829,-0.033796,0.426820,-0.167732,-0.083089,0.022965,0.982056
1520437800069769316,0.359455,-0.063430,0.405598,-0.151838,-0.072209,-0.000710,0.985764
1520437800119771316,0.348384,-0.083443,0.372761,-0.131878,-0.059746,-0.017802,0.989304
1520437800169488737,0.345339,-0.096005,0.337786,-0.108043,-0.042689,-0.026708,0.992870
1520437800219490737,0.350184,-0.101391,0.299748,-0.080204,-0.026887,-0.025854,0.996080
1520437800269492737,0.362780,-0.091444,0.257740,-0.050786,-0.015784,-0.019774,0.998389
1520437800319493737,0.380634,-0.074497,0.213216,-0.024524,-0.007597,0.001195,0.999670
1520437800369495737,0.414739,-0.047436,0.174786,0.002225,0.002534,0.034833,0.999387
1520437800419496737,0.452239,-0.008562,0.130942,0.026738,0.015421,0.079223,0.996379
1520437800469498737,0.500130,0.038575,0.082236,0.046482,0.019013,0.123292,0.991099
1520437800519499737,0.552370,0.089961,0.034820,0.059898,0.018515,0.172971,0.982929
1520437800569501737,0.646399,0.141927,-0.025948,0.064904,0.009138,0.216327,0.974118
1520437800619535088,0.928965,0.220904,-0.116821,0.060721,-0.029709,0.225838,0.971817
1520437800669538088,0.979960,0.266636,-0.124179,0.066683,-0.034309,0.264666,0.961420
1520437800719539088,1.044155,0.307440,-0.131858,0.065034,-0.048870,0.294419,0.952208
1520437800769540088,1.092912,0.345393,-0.116828,0.060108,-0.064772,0.318318,0.943857
1520437800819542088,1.142485,0.378342,-0.104001,0.049916,-0.080341,0.334229,0.937734
1520437800869544088,1.166556,0.398519,-0.082489,0.034041,-0.102873,0.348146,0.931157
1520437800919546088,1.157760,0.409181,-0.038832,0.014775,-0.126819,0.362755,0.923097
1520437800969548088,1.153796,0.413119,0.015845,-0.005339,-0.150124,0.372565,0.915767
1520437801019990685,1.108547,0.382533,0.082059,-0.031882,-0.167884,0.388117,0.905629
1520437801069992685,1.110622,0.368561,0.142651,-0.068547,-0.185858,0.386272,0.900862
1520437801119993685,1.104103,0.347953,0.191012,-0.110912,-0.197922,0.375387,0.898671
1520437801169995685,1.096580,0.319653,0.247991,-0.146399,-0.203646,0.357922,0.899437
1520437801219996685,1.082611,0.288170,0.291906,-0.181254,-0.206591,0.337018,0.900492
1520437801269998685,1.074437,0.262816,0.350845,-0.211444,-0.201335,0.311241,0.904370
1520437801320001685,1.019552,0.223147,0.393619,-0.236368,-0.190314,0.292152,0.906950
1520437801370001685,1.011868,0.187448,0.417074,-0.261668,-0.181200,0.259380,0.911822
1520437801419757702,0.963377,0.143371,0.411892,-0.283195,-0.166000,0.235129,0.914855
1520437801469759702,0.935054,0.107087,0.402523,-0.299005,-0.149186,0.207543,0.919383
1520437801519761702,0.924002,0.075688,0.394976,-0.303513,-0.131591,0.180177,0.926337
1520437801569762702,0.906219,0.044035,0.384859,-0.293422,-0.117040,0.160768,0.935072
1520437801619764702,0.897120,0.017889,0.372939,-0.271182,-0.104996,0.142072,0.946177
1520437801669765702,0.886987,-0.001981,0.347357,-0.241833,-0.091962,0.125384,0.957778
1520437801719767702,0.877203,-0.014128,0.324553,-0.206622,-0.076886,0.109995,0.969173
1520437801769768702,0.876303,-0.016984,0.295307,-0.171791,-0.071424,0.095964,0.977843
1520437801819571685,0.877409,-0.011197,0.248570,-0.142282,-0.064342,0.085244,0.984048
1520437801869573685,0.883295,-0.001296,0.195016,-0.111631,-0.057760,0.078927,0.988925
1520437801919574685,0.883791,0.017457,0.145808,-0.076248,-0.052503,0.082055,0.992319
1520437801969576685,0.895076,0.043271,0.091616,-0.041499,-0.053243,0.088597,0.993777
1520437802019578685,0.894923,0.080604,0.049796,-0.003602,-0.051290,0.099646,0.993694
1520437802069579685,0.908320,0.119502,0.010948,0.031851,-0.044151,0.115074,0.991864
1520437802119580685,0.936643,0.157574,-0.025828,0.055719,-0.038846,0.131757,0.988952
1520437802169582685,0.971372,0.191816,-0.048651,0.071028,-0.036510,0.152941,0.985003
1520437802219633369,0.990009,0.224707,-0.052872,0.086343,-0.035413,0.181706,0.978915
1520437802269635369,1.010666,0.259755,-0.034232,0.095434,-0.041808,0.213151,0.971448
1520437802319637369,1.054366,0.279234,-0.018719,0.084785,-0.054781,0.237702,0.966079
1520437802369638369,1.089872,0.284042,-0.001205,0.062519,-0.071052,0.257310,0.961683
1520437802419640369,1.100461,0.288457,0.049341,0.036853,-0.088305,0.271285,0.957731
1520437802469642369,1.101362,0.287990,0.100262,0.000965,-0.106839,0.277717,0.954703
1520437802519643369,-6.979148,7.307277,6.565982,0.383957,0.058146,0.191319,-0.901440
1520437802569645369,-6.920546,7.320610,6.653311,0.425383,0.058394,0.210777,-0.878187
1520437802619928334,-6.957205,7.352715,6.666222,0.469263,0.045023,0.217065,-0.854779
1520437802669930334,-6.978114,7.378380,6.676004,0.502093,0.039161,0.233305,-0.831828
1520437802719932334,-7.008840,7.411959,6.663811,0.528287,0.034567,0.250762,-0.810455
1520437802769933334,-7.028543,7.441539,6.653895,0.546834,0.035066,0.273533,-0.790520
1520437802819934334,-7.049932,7.472327,6.629856,0.552892,0.040521,0.296983,-0.777477
1520437802869941334,-7.058956,7.494445,6.606102,0.542536,0.050337,0.324936,-0.773006
1520437802919937334,-7.060612,7.514077,6.570536,0.523424,0.066793,0.350491,-0.773772
1520437802970027334,-7.114252,7.513478,6.442478,0.510045,0.075337,0.358995,-0.778011
1520437803019941334,-7.136892,7.510398,6.364777,0.485166,0.092610,0.373226,-0.785328
1520437803069648720,-7.154902,7.514536,6.284626,0.454015,0.114862,0.386522,-0.794530
1520437803119650720,-13.775963,24.144345,1.600786,0.135841,-0.148799,0.842645,0.499356
1520437803169651720,-13.778196,24.081022,1.533102,0.157913,-0.113947,0.834763,0.515025
1520437803219653720,-13.792490,24.008754,1.479981,0.171673,-0.080407,0.824007,0.533924
1520437803269654720,-13.800841,23.932726,1.432536,0.179571,-0.049940,0.809825,0.556276
1520437803319656720,-13.807744,23.848040,1.395389,0.180578,-0.024148,0.790498,0.584741
1520437803369657720,-13.816141,23.769832,1.368269,0.181090,-0.006738,0.763852,0.619428
1520437803419659720,-13.816427,23.689973,1.348219,0.179583,-0.000082,0.732464,0.656694
1520437803469752036,-13.820423,23.605436,1.346220,0.165470,-0.001323,0.703707,0.690952
1520437803519753036,-13.818646,23.527663,1.367867,0.134804,-0.007594,0.680639,0.720070
1520437803569755036,-13.811097,23.458404,1.402996,0.092196,-0.017765,0.663095,0.742623
1520437803619756036,-13.801203,23.409542,1.472343,0.048377,-0.027560,0.646382,0.760979
1520437803669758036,-13.789382,23.371501,1.533892,-0.002135,-0.041072,0.632138,0.773764
1520437803719759036,-13.775403,23.346526,1.604330,-0.052487,-0.054791,0.621180,0.779986
1520437803769761036,-13.760587,23.337159,1.669588,-0.093612,-0.070159,0.614338,0.780323
1520437803819763036,-13.744853,23.361376,1.724847,-0.127888,-0.091086,0.612775,0.774503
1520437803869863334,-13.730035,23.381376,1.784256,-0.150129,-0.115053,0.618638,0.762569
1520437803919865334,-13.713816,23.408630,1.829792,-0.161708,-0.136416,0.628465,0.748514
1520437803969866334,-13.709081,23.457708,1.907911,-0.159974,-0.145717,0.641959,0.735570
1520437804019868334,-13.705240,23.493130,1.918553,-0.158538,-0.158265,0.657215,0.719643
1520437804069870334,-13.698630,23.540572,1.931699,-0.152458,-0.168576,0.672162,0.704654
1520437804119872334,-13.694577,23.595955,1.934018,-0.141054,-0.176495,0.687316,0.690326
1520437804169873334,-13.698421,23.670397,1.938571,-0.122891,-0.175993,0.705587,0.675330
1520437804219874334,-13.692979,23.739298,1.916891,-0.101568,-0.168479,0.728372,0.656333
1520437804269803281,-13.698948,23.820497,1.904134,-0.074117,-0.149363,0.754144,0.635188
1520437804319805281,-13.713473,23.879322,1.895889,-0.044428,-0.123515,0.782067,0.609214
1520437804369806281,-13.739891,23.949582,1.886073,-0.014217,-0.101194,0.806340,0.582557
1520437804419807281,-13.770021,24.022891,1.850609,0.010776,-0.082223,0.827568,0.555207
1520437804469809281,-13.812056,24.089045,1.817943,0.033555,-0.061467,0.848923,0.523856
1520437804519811281,-13.858944,24.149280,1.786469,0.055753,-0.042256,0.869787,0.488443
1520437804569869281,-13.909673,24.203655,1.765111,0.076258,-0.028451,0.886888,0.454758
1520437804619813281,-13.961465,24.256124,1.755926,0.105057,-0.019762,0.899568,0.423497
1520437804669715281,-14.007511,24.297992,1.756424,0.136004,-0.012492,0.908808,0.394227
1520437804719717281,-14.054200,24.333170,1.779387,0.161565,-0.002605,0.916445,0.366084
1520437804769718281,-14.128444,24.412302,1.778923,0.174030,-0.003865,0.921890,0.346146
1520437804819720281,-14.174449,24.535443,1.880264,0.183409,-0.016101,0.924109,0.334849
1520437804869721281,-14.205593,24.605820,1.937789,0.182502,-0.047987,0.926835,0.324602
1520437804919723281,-14.225819,24.676182,2.002112,0.181991,-0.087806,0.925273,0.320996
1520437804969724281,-14.226247,24.696377,2.050412,0.181828,-0.131479,0.921015,0.318407
1520437805019726281,-14.215291,24.695687,2.095467,0.178352,-0.173274,0.915149,0.317284
1520437805069672492,-14.193917,24.682406,2.148750,0.172145,-0.214625,0.908129,0.315600
1520437805119973983,-12.050452,24.994544,4.306720,0.518550,0.531035,0.664833,0.084288
1520437805169975983,-12.004493,25.033398,4.276971,0.511144,0.496778,0.692560,0.110927
1520437805219976983,-11.942837,25.058330,4.244910,0.493718,0.470154,0.719186,0.134048
1520437805269978983,-11.893681,25.075051,4.219754,0.472238,0.453435,0.740095,0.153779
1520437805319980983,-11.843257,25.070017,4.189828,0.452101,0.444849,0.754979,0.166495
1520437805369981983,-11.791094,25.056064,4.164974,0.432232,0.443474,0.765142,0.176248
1520437805419982983,-11.740992,25.030026,4.140424,0.412065,0.446504,0.773072,0.182199
1520437805469984983,-11.695188,24.989430,4.121766,0.393799,0.453349,0.776567,0.190631
1520437805519760808,-11.651813,24.920630,4.104419,0.378149,0.466633,0.774804,0.197321
1520437805569762808,-11.621574,24.849994,4.096927,0.363750,0.490793,0.765365,0.202547
1520437805619763808,30.474133,22.252971,6.981588,-0.622517,0.310140,0.422101,0.581478
1520437805669765808,30.324124,22.168449,7.179270,-0.608338,0.341706,0.407490,0.589164
1520437805719766808,-104611631452044.000000,129994884891063.156250,-641278582164124.000000,0.481370,0.571214,0.235958,-0.621548
1520437805769768808,-104611631452043.312500,129994884891063.468750,-641278582164124.000000,0.432743,0.586480,0.220046,-0.648347
1520437805819769808,-104611631452043.187500,129994884891063.593750,-641278582164124.375000,0.385976,0.591224,0.202168,-0.678679
1520437805869771808,-104611631452043.250000,129994884891063.781250,-641278582164124.750000,0.355899,0.584605,0.194514,-0.702664
1520437805919741158,-104611631452043.500000,129994884891063.781250,-641278582164124.750000,0.327553,0.590891,0.207780,-0.707379
1520437805969743158,-104611631452043.875000,129994884891063.562500,-641278582164125.500000,0.278828,0.603291,0.195021,-0.721292
1520437806019744158,-104611631452043.750000,129994884891063.812500,-641278582164125.625000,0.202656,0.617635,0.156654,-0.743584
1520437806069746158,-104611631452044.312500,129994884891063.765625,-641278582164125.500000,0.159096,0.620155,0.171442,-0.748802
1520437806119747158,-104611631452044.562500,129994884891064.187500,-641278582164125.625000,0.115937,0.624985,0.192067,-0.747705
1520437806169778158,-104611631452044.125000,129994884891064.359375,-641278582164125.875000,0.091020,0.620984,0.211112,-0.749350
1520437806219750158,-104611631452044.375000,129994884891064.531250,-641278582164125.750000,0.054589,0.619900,0.239694,-0.745178
1520437806269752158,-104611631452044.312500,129994884891064.687500,-641278582164125.500000,0.041067,0.615373,0.273799,-0.738014
1520437806319906509,-104611631452032.218750,129994884891048.875000,-641278582164114.000000,0.690624,0.221382,0.437397,0.531707
1520437806369907509,-104611631452031.937500,129994884891048.875000,-641278582164114.125000,0.661639,0.208460,0.456954,0.556751
1520437806419909509,-104611631452031.906250,129994884891048.687500,-641278582164114.250000,0.628573,0.206951,0.450289,0.599422
1520437806469910509,-104611631452031.812500,129994884891048.375000,-641278582164114.500000,0.597870,0.209323,0.439126,0.637106
1520437806519912509,-104611631452031.718750,129994884891048.500000,-641278582164113.750000,0.558691,0.194511,0.453772,0.666424
1520437806569913509,-104611631452031.578125,129994884891048.468750,-641278582164114.000000,0.522851,0.177523,0.454258,0.699115
1520437806619915509,-104611631452031.375000,129994884891048.500000,-641278582164113.500000,0.488892,0.148344,0.452027,0.731198
1520437806669917509,-104611631452031.281250,129994884891048.156250,-641278582164113.250000,0.461092,0.124853,0.437671,0.761742
1520437806719895211,-104611631452031.593750,129994884891049.000000,-641278582164113.250000,0.430889,0.089324,0.442517,0.781367
1520437806769897211,-104611631452031.625000,129994884891049.125000,-641278582164113.000000,0.401478,0.046194,0.442351,0.800630
1520437806819898211,-104611631452020.812500,129994884891049.218750,-641278582164111.625000,0.165204,0.060673,-0.712938,0.678783
1520437806869900211,-104611631452020.859375,129994884891049.218750,-641278582164111.500000,0.150179,0.052187,-0.699286,0.696938
1520437806919901211,-104611631452020.531250,129994884891048.937500,-641278582164111.625000,0.151903,0.061937,-0.701477,0.693555
1520437806969903211,-104611631452020.656250,129994884891048.875000,-641278582164111.500000,0.178043,0.019650,-0.683975,0.707173
1520437807019904211,-104611631452020.625000,129994884891048.750000,-641278582164111.375000,0.230618,-0.045910,-0.674706,0.699628
1520437807069906211,-104611631452020.468750,129994884891048.500000,-641278582164111.500000,0.246461,-0.087317,-0.654322,0.709574
1520437807119832702,-104611631452020.312500,129994884891048.562500,-641278582164111.375000,0.279410,-0.139490,-0.635017,0.706559
1520437807169833702,-104611631452016.375000,129994884891012.437500,-641278582164073.125000,-0.399536,-0.380662,-0.044918,-0.832736
1520437807219836702,-104611631452016.125000,129994884891012.468750,-641278582164073.250000,-0.457907,-0.363994,-0.028244,-0.810575
1520437807269837702,-104611631452016.312500,129994884891012.468750,-641278582164073.625000,-0.513266,-0.331163,-0.018963,-0.791536
1520437807319838702,-104611631452011.718750,129994884891021.562500,-641278582164070.125000,-0.490589,-0.745265,0.437771,0.110723
1520437807369840702,-104611631452011.781250,129994884891021.437500,-641278582164070.500000,-0.522015,-0.712173,0.460211,0.092284
1520437807419841702,-104611631452011.500000,129994884891021.687500,-641278582164069.750000,-0.547084,-0.679326,0.483385,0.074522
1520437807469843702,-104611631452011.687500,129994884891021.500000,-641278582164070.375000,-0.564080,-0.655897,0.498004,0.060041
1520437807519813194,-104611631452013.421875,129994884891021.187500,-641278582164071.375000,-0.457889,-0.512247,0.705295,0.174640
1520437807569825509,-104611631452013.812500,129994884891021.062500,-641278582164071.875000,-0.466698,-0.492198,0.718275,0.154969
1520437807619826509,-104611631452013.906250,129994884891021.437500,-641278582164071.875000,-0.428696,-0.524348,0.724638,0.127198
1520437807669828509,-104611631452014.218750,129994884891021.687500,-641278582164072.125000,-0.431310,-0.536182,0.718636,0.100209
1520437807719829509,-104611631452017.343750,129994884891028.718750,-641278582164052.500000,0.638357,0.087520,-0.734185,0.214040
1520437807769831509,-104611631452017.500000,129994884891028.718750,-641278582164052.375000,0.616869,0.107368,-0.741486,0.241130
1520437807819832509,-104611631452017.312500,129994884891028.531250,-641278582164052.500000,0.602399,0.119427,-0.745934,0.257751
1520437807869834509,-104611631452017.187500,129994884891028.000000,-641278582164052.875000,0.594253,0.144585,-0.738365,0.284213
1520437807919836509,-104611631452017.250000,129994884891028.062500,-641278582164053.125000,0.614155,0.134853,-0.727631,0.274191
1520437807970027755,-104611631452017.187500,129994884891027.937500,-641278582164053.500000,0.605272,0.172146,-0.723520,0.283779
1520437808020029755,-104611631452017.531250,129994884891027.656250,-641278582164053.750000,0.592747,0.175288,-0.738959,0.268077
1520437808070030755,-104611631452017.500000,129994884891027.250000,-641278582164054.000000,0.590322,0.203772,-0.729889,0.277955
1520437808120032755,-104611631452017.562500,129994884891027.218750,-641278582164053.875000,0.591103,0.224062,-0.721602,0.282283
1520437808170033755,-104611631452017.750000,129994884891027.000000,-641278582164054.000000,0.594932,0.249188,-0.708014,0.287537
1520437808220035755,-104611631452017.718750,129994884891026.843750,-641278582164054.625000,0.595232,0.277724,-0.699598,0.281303
1520437808270037755,-104611631452017.687500,129994884891026.937500,-641278582164054.750000,0.597241,0.289922,-0.695591,0.274594
1520437808320038755,-104611631452017.687500,129994884891026.796875,-641278582164055.000000,0.609290,0.298166,-0.686878,0.260886
1520437808369898720,-104611631452017.531250,129994884891026.859375,-641278582164054.875000,0.620323,0.301454,-0.689600,0.220852
1520437808419899720,-104611631452017.406250,129994884891026.671875,-641278582164054.750000,0.630797,0.302496,-0.689142,0.188878
1520437808469901720,-104611631452017.156250,129994884891029.437500,-641278582164052.500000,0.606044,-0.783477,-0.073718,-0.115929
1520437808519902720,-104611631452016.906250,129994884891029.687500,-641278582164052.750000,0.593535,-0.797565,-0.039233,-0.100334
1520437808569904720,-104611631452016.562500,129994884891029.859375,-641278582164052.000000,0.595888,-0.793630,0.024461,-0.120295
1520437808619906720,-104611631452016.968750,129994884891029.750000,-641278582164052.375000,0.598661,-0.786990,0.072380,-0.130433
1520437808669907720,-104611631452016.968750,129994884891029.640625,-641278582164052.625000,0.573955,-0.785443,0.152519,-0.174337
1520437808719909720,-104611631452017.000000,129994884891029.750000,-641278582164052.750000,0.581620,-0.765318,0.196825,-0.193045
1520437808769797895,-104611631452017.234375,129994884891030.031250,-641278582164051.750000,0.579040,-0.757350,0.227423,-0.198527
1520437808819798895,-104611631452017.296875,129994884891030.109375,-641278582164052.625000,0.573681,-0.754699,0.246316,-0.201612
1520437808869800895,-104611631452017.406250,129994884891029.937500,-641278582164052.500000,0.596002,-0.728870,0.265001,-0.208098
1520437808919801895,-104611631452017.500000,129994884891030.031250,-641278582164052.750000,0.622795,-0.689461,0.302829,-0.212285
1520437808969803895,-104611631452017.593750,129994884891029.968750,-641278582164053.250000,0.647902,-0.663339,0.317258,-0.198877
1520437809019805895,-104611631452017.625000,129994884891029.843750,-641278582164053.250000,0.676384,-0.639144,0.323479,-0.171350
1520437809069806895,-104611631452017.843750,129994884891030.156250,-641278582164053.750000,0.692701,-0.631060,0.320969,-0.137502
1520437809119807895,-104611631452017.750000,129994884891030.750000,-641278582164053.625000,0.688185,-0.660266,0.296269,-0.051726
1520437809170054737,-104611631452017.921875,129994884891030.593750,-641278582164053.500000,0.698192,-0.654018,0.290572,-0.018882
1520437809220055737,-104611631452018.062500,129994884891030.375000,-641278582164053.625000,0.712975,-0.638066,0.290754,0.000897
