5.900000
5.900000
5.900000
5.900000
6.100000
6.200000
6.400000
6.600000
6.800000
6.900000
7.100000
7.300000
7.400000
7.600000
7.800000
8.100000
8.200000
8.400000
8.600000
8.700000
8.900000
9.100000
9.200000
9.400000
9.500000
9.700000
10.000000
10.000000
10.200000
10.400000
10.600000
10.700000
10.900000
11.200000
11.300000
11.600000
11.700000
12.000000
12.100000
12.400000
12.500000
12.600000
12.900000
13.000000
13.300000
13.600000
13.700000
14.000000
14.200000
14.500000
14.700000
14.900000
15.200000
15.200000
15.400000
15.700000
15.800000
16.000000
16.200000
16.400000
16.600000
16.800000
17.000000
17.300000
17.400000
17.700000
17.900000
18.000000
18.200000
18.400000
18.700000
19.000000
19.200000
19.500000
19.800000
19.900000
20.200000
20.500000
20.600000
20.800000
21.100000
21.300000
21.500000
21.800000
22.100000
22.200000
22.500000
22.800000
23.000000
23.300000
23.600000
23.900000
24.200000
24.400000
24.500000
24.800000
25.000000
25.100000
25.300000
25.500000
25.700000
25.900000
26.100000
26.200000
26.500000
26.600000
26.800000
26.900000
27.100000
27.400000
27.500000
27.700000
27.800000
28.000000
28.200000
28.300000
28.500000
28.600000
28.900000
29.000000
29.200000
29.300000
29.500000
29.700000
29.800000
29.900000
30.100000
30.300000
30.600000
30.700000
30.900000
31.100000
31.300000
31.400000
31.400000
31.700000
31.900000
32.000000
32.200000
32.300000
32.500000
32.700000
33.000000
33.200000
33.400000
33.600000
33.800000
34.100000
34.300000
34.500000
34.600000
34.800000
34.900000
35.100000
35.300000
35.500000
35.700000
35.900000
36.100000
36.200000
36.400000
36.600000
36.800000
36.900000
37.100000
37.400000
37.500000
37.600000
37.900000
38.000000
38.300000
38.300000
38.400000
38.700000
38.800000
39.000000
39.100000
39.300000
39.500000
39.600000
39.600000
39.800000
40.000000
40.100000
40.300000
40.500000
40.700000
40.900000
41.000000
41.200000
41.300000
41.500000
41.700000
41.900000
42.000000
42.200000
42.400000
42.500000
42.600000
42.700000
42.800000
42.900000
43.200000
43.300000
43.400000
43.600000
43.700000
43.800000
43.900000
44.000000
44.100000
44.200000
44.300000
44.500000
44.600000
44.800000
44.900000
45.000000
45.000000
45.100000
45.300000
45.400000
45.500000
45.700000
45.800000
45.900000
46.200000
46.300000
46.300000
46.400000
46.600000
46.700000
46.800000
47.000000
47.100000
47.200000
47.300000
47.500000
47.500000
47.600000
47.700000
47.900000
48.100000
48.300000
48.400000
48.500000
48.700000
48.700000
48.800000
48.900000
49.100000
49.200000
49.300000
49.500000
49.600000
49.700000
49.900000
49.900000
50.000000
50.000000
50.200000
50.300000
50.500000
50.600000
50.700000
50.800000
50.900000
50.900000
51.000000
51.000000
51.200000
51.300000
51.400000
51.700000
51.600000
51.800000
51.900000
52.000000
52.100000
52.300000
52.400000
52.500000
52.500000
52.600000
52.700000
52.900000
53.000000
53.200000
53.300000
53.500000
53.600000
53.700000
53.700000
53.800000
54.000000
54.100000
54.200000
54.300000
54.400000
54.500000
54.500000
54.500000
54.600000
54.700000
54.800000
54.900000
55.000000
55.000000
55.100000
55.200000
55.300000
55.300000
55.400000
55.500000
55.600000
55.700000
55.900000
55.900000
56.000000
56.100000
56.300000
56.200000
56.400000
56.400000
56.500000
56.600000
56.600000
56.800000
56.800000
56.900000
56.900000
57.000000
57.200000
57.300000
57.400000
57.500000
57.500000
57.600000
57.800000
57.800000
57.800000
57.900000
58.000000
58.100000
58.200000
58.300000
58.300000
58.500000
58.500000
58.500000
58.600000
58.700000
58.800000
58.900000
59.000000
59.100000
59.100000
59.100000
59.200000
59.300000
59.400000
59.500000
59.500000
59.700000
59.700000
59.800000
59.700000
59.800000
59.900000
59.900000
60.000000
60.100000
60.200000
60.300000
60.400000
60.400000
60.400000
60.500000
60.600000
60.600000
60.700000
60.700000
60.900000
61.000000
61.000000
61.100000
61.100000
61.200000
61.400000
61.400000
61.500000
61.500000
61.600000
61.600000
61.700000
61.800000
61.900000
61.900000
62.000000
62.100000
62.200000
62.100000
62.200000
62.300000
62.300000
62.500000
62.500000
62.600000
62.600000
62.700000
62.700000
62.800000
62.900000
63.100000
63.100000
63.200000
63.200000
63.300000
63.300000
63.300000
63.400000
63.400000
63.500000
63.600000
63.700000
63.800000
63.800000
63.900000
63.900000
63.900000
64.000000
64.000000
64.100000
64.200000
64.200000
64.300000
64.500000
64.300000
64.400000
64.400000
64.500000
64.500000
64.700000
64.800000
64.800000
64.900000
64.800000
64.800000
64.900000
64.900000
65.000000
65.000000
65.100000
65.200000
65.300000
65.300000
65.300000
65.400000
65.400000
65.400000
65.400000
65.500000
65.500000
65.600000
65.600000
65.600000
65.700000
65.700000
65.700000
65.800000
65.800000
65.900000
66.000000
65.900000
66.000000
66.000000
66.200000
66.300000
66.300000
66.400000
66.500000
66.500000
66.500000
66.600000
66.600000
66.700000
66.700000
66.900000
66.900000
67.000000
67.100000
67.000000
67.100000
67.200000
67.200000
67.300000
67.300000
67.300000
67.400000
67.400000
67.400000
67.400000
67.500000
67.500000
67.600000
67.700000
67.800000
67.800000
67.800000
67.900000
67.900000
67.900000
68.000000
68.000000
68.100000
68.100000
68.100000
68.200000
68.200000
68.200000
68.200000
68.200000
68.300000
68.400000
68.400000
68.600000
68.600000
68.600000
68.600000
68.600000
68.700000
68.700000
68.800000
68.800000
68.900000
69.000000
69.100000
69.100000
69.100000
69.100000
69.200000
69.200000
69.300000
69.500000
69.500000
69.600000
69.500000
69.600000
69.600000
69.700000
69.800000
69.700000
69.700000
69.800000
69.800000
69.700000
69.700000
