0.000000
54.000000
30.000000
21.200000
17.200000
14.800000
13.300000
14.000000
14.400000
14.800000
14.900000
15.100000
16.500000
17.500000
19.000000
20.100000
21.400000
22.900000
24.200000
25.400000
26.800000
27.000000
28.400000
29.700000
31.000000
32.200000
33.400000
34.700000
35.800000
37.000000
38.100000
39.000000
40.100000
41.200000
42.500000
43.600000
44.800000
45.700000
46.700000
48.000000
49.200000
50.700000
52.000000
53.400000
54.800000
56.200000
57.800000
59.200000
60.400000
61.800000
63.000000
63.800000
64.500000
65.300000
66.600000
67.700000
68.800000
69.800000
70.700000
71.500000
72.300000
73.000000
73.700000
74.400000
75.200000
75.800000
76.400000
76.300000
76.800000
77.500000
78.200000
78.900000
79.500000
80.300000
80.900000
81.500000
82.100000
82.700000
83.200000
83.700000
84.300000
84.800000
85.200000
85.500000
85.900000
86.400000
86.700000
87.100000
87.500000
87.900000
88.400000
88.700000
89.100000
89.500000
89.800000
90.100000
90.600000
90.900000
91.200000
91.500000
91.700000
92.000000
92.300000
92.600000
92.900000
93.200000
93.500000
93.700000
94.000000
94.300000
94.500000
94.700000
94.900000
95.200000
95.400000
94.800000
95.000000
95.200000
95.500000
95.700000
95.900000
96.000000
96.200000
96.300000
96.400000
96.500000
96.500000
96.600000
96.500000
96.600000
96.700000
96.700000
96.700000
96.800000
96.800000
96.800000
96.900000
97.000000
96.900000
97.000000
97.000000
97.100000
97.100000
97.200000
97.200000
97.200000
97.200000
97.200000
97.300000
97.300000
97.300000
97.400000
97.400000
97.400000
97.400000
97.500000
97.500000
97.500000
97.500000
97.600000
97.700000
97.700000
97.700000
97.700000
97.700000
97.700000
97.300000
97.300000
97.300000
97.300000
97.300000
97.300000
97.400000
97.400000
97.400000
97.500000
97.600000
97.600000
97.600000
97.600000
97.700000
97.600000
97.600000
97.700000
97.700000
97.700000
97.800000
