7.000000
7.000000
7.000000
6.900000
7.000000
7.700000
8.500000
9.300000
10.000000
10.700000
11.500000
12.300000
12.900000
13.500000
14.200000
14.600000
15.100000
15.600000
16.100000
16.600000
17.200000
17.700000
18.100000
18.600000
18.900000
19.300000
19.600000
19.900000
20.500000
20.800000
21.300000
21.700000
22.100000
22.700000
22.900000
23.200000
23.700000
24.200000
24.800000
25.000000
25.500000
26.100000
26.600000
27.000000
27.600000
27.600000
28.100000
28.700000
29.300000
29.800000
30.200000
30.400000
30.700000
31.000000
31.200000
31.500000
31.900000
32.300000
32.700000
33.200000
33.600000
34.300000
34.900000
35.800000
35.900000
36.100000
36.500000
36.900000
37.300000
37.600000
38.000000
38.300000
38.600000
38.900000
38.900000
39.200000
39.500000
39.900000
40.100000
40.400000
40.600000
40.900000
41.300000
41.300000
41.500000
41.800000
42.000000
42.400000
42.600000
43.000000
43.300000
43.500000
43.800000
43.700000
44.000000
44.200000
44.400000
44.600000
44.800000
44.900000
45.100000
45.400000
45.600000
45.400000
45.600000
45.900000
46.100000
46.200000
46.400000
46.500000
46.700000
46.900000
47.200000
46.900000
47.100000
47.200000
47.400000
47.500000
47.600000
47.900000
48.000000
48.200000
48.300000
48.100000
48.400000
48.500000
48.600000
48.900000
49.000000
49.200000
49.400000
49.600000
49.700000
49.600000
49.800000
49.900000
50.000000
50.200000
50.300000
50.400000
50.500000
50.700000
50.600000
50.700000
50.900000
51.000000
51.300000
51.300000
51.500000
51.600000
51.700000
51.700000
51.700000
51.900000
52.100000
52.200000
52.400000
52.700000
52.800000
52.900000
53.100000
53.300000
53.400000
53.600000
53.700000
54.000000
54.200000
54.400000
54.600000
54.700000
54.900000
55.000000
55.100000
55.400000
55.600000
55.800000
55.900000
56.100000
56.300000
56.500000
56.400000
56.500000
56.800000
57.000000
57.200000
57.400000
57.600000
57.700000
57.900000
57.900000
58.000000
58.100000
58.200000
58.400000
58.600000
58.800000
59.000000
59.200000
59.200000
59.200000
59.300000
59.500000
59.700000
59.800000
59.800000
59.900000
59.900000
59.900000
60.000000
60.100000
60.300000
60.400000
60.600000
60.600000
60.700000
60.700000
60.800000
60.900000
61.100000
61.200000
61.400000
61.500000
61.600000
61.700000
61.700000
61.700000
61.800000
62.000000
62.200000
62.300000
62.400000
62.600000
62.700000
62.700000
62.700000
62.900000
62.900000
63.000000
63.200000
63.400000
63.500000
63.600000
63.600000
63.600000
63.700000
63.800000
63.800000
63.900000
63.900000
64.100000
64.200000
64.200000
64.200000
64.300000
64.400000
64.400000
64.600000
64.600000
64.700000
64.900000
64.900000
65.100000
65.200000
65.200000
65.200000
65.400000
65.500000
65.600000
65.700000
65.800000
65.700000
65.900000
65.900000
66.100000
66.200000
66.300000
66.400000
66.500000
66.600000
66.500000
66.600000
66.700000
66.700000
66.800000
66.800000
67.000000
67.100000
67.200000
67.200000
67.100000
67.200000
67.200000
67.300000
67.400000
67.500000
67.600000
67.600000
67.700000
67.600000
67.700000
67.800000
67.900000
67.900000
68.000000
68.000000
68.100000
68.200000
68.300000
68.200000
68.200000
68.300000
68.300000
68.400000
68.400000
68.500000
68.600000
68.600000
68.400000
68.500000
68.700000
68.700000
68.800000
68.900000
68.900000
69.000000
69.100000
69.000000
69.100000
69.200000
69.300000
69.300000
69.400000
69.400000
69.600000
69.600000
69.700000
69.500000
69.600000
69.700000
69.800000
69.900000
69.900000
69.900000
70.100000
70.100000
70.100000
70.300000
70.400000
70.500000
70.600000
70.600000
70.700000
70.800000
71.000000
71.100000
71.200000
71.400000
71.500000
71.600000
71.800000
71.900000
72.100000
72.200000
72.300000
72.400000
72.500000
72.600000
72.700000
72.900000
73.000000
73.100000
73.200000
73.400000
73.500000
73.600000
73.700000
73.900000
73.900000
73.900000
74.000000
74.100000
74.300000
74.400000
74.500000
74.600000
74.700000
74.900000
75.000000
75.100000
75.200000
75.300000
75.400000
75.600000
75.700000
75.800000
75.900000
76.000000
76.100000
76.200000
76.300000
76.500000
76.500000
76.600000
76.700000
76.800000
76.900000
76.900000
77.000000
77.100000
77.200000
77.300000
77.400000
77.500000
77.600000
77.700000
77.800000
77.900000
78.000000
78.100000
78.200000
78.300000
78.400000
78.400000
78.500000
78.600000
78.700000
78.800000
78.900000
79.000000
79.100000
79.100000
79.200000
79.300000
79.400000
79.400000
79.500000
79.500000
79.600000
79.700000
79.800000
79.900000
80.000000
80.100000
80.200000
80.300000
80.200000
80.300000
80.400000
80.500000
80.600000
80.700000
80.800000
80.900000
80.900000
81.000000
81.000000
81.000000
81.000000
81.000000
81.000000
81.100000
81.100000
81.100000
81.100000
81.100000
81.100000
81.100000
81.200000
81.200000
81.200000
81.200000
81.300000
81.300000
81.400000
81.500000
81.400000
81.500000
81.500000
81.500000
81.500000
81.500000
81.600000
81.600000
81.800000
81.800000
81.600000
81.600000
81.600000
81.700000
81.800000
81.800000
81.900000
82.000000
82.000000
81.800000
81.800000
81.900000
81.900000
81.900000
82.000000
82.000000
82.100000
82.100000
82.000000
81.900000
81.900000
81.900000
82.000000
82.000000
82.000000
82.000000
82.000000
82.000000
82.000000
82.000000
82.000000
82.000000
82.100000
82.100000
82.100000
82.200000
82.200000
82.100000
82.200000
82.200000
82.300000
82.300000
82.300000
82.400000
82.400000
82.400000
82.400000
82.400000
82.400000
82.400000
82.500000
82.600000
82.600000
82.700000
82.700000
82.600000
82.600000
82.600000
82.600000
82.600000
82.600000
82.600000
82.700000
82.800000
82.700000
82.700000
82.800000
82.800000
82.900000
83.000000
82.900000
83.000000
83.000000
82.900000
82.800000
82.800000
82.800000
82.900000
82.800000
82.800000
82.800000
82.800000
82.800000
