1520621175986840704,-0.000000,-0.000000,-0.000000,-0.000000,-0.000000,-0.000000,1.000000
1520621176036842704,-0.000279,-0.001027,0.000697,0.000054,-0.004123,-0.004295,0.999982
1520621176086893757,-0.001751,-0.001033,0.002100,0.008676,-0.010312,-0.005949,0.999891
1520621176136830757,-0.002047,-0.000588,0.001205,0.021842,-0.012821,-0.005309,0.999665
1520621176186832757,0.000750,0.001559,0.000642,0.033068,-0.010579,0.000454,0.999397
1520621176236833757,0.001741,0.003289,-0.002494,0.033616,-0.006495,0.006246,0.999394
1520621176286835757,0.002179,0.004642,-0.002087,0.023666,-0.007484,0.005005,0.999679
1520621176336836757,0.004428,0.007244,-0.000498,0.016243,-0.005607,0.001273,0.999852
1520621176386838757,0.004109,0.009784,-0.001459,0.012880,-0.003949,-0.000831,0.999909
1520621176436839757,0.004434,0.012395,-0.001181,0.013440,-0.005157,0.000836,0.999896
1520621176486860985,0.003700,0.014918,-0.002017,0.017127,-0.006171,0.002383,0.999831
1520621176536862985,0.003106,0.017215,-0.001601,0.021326,-0.009366,0.003133,0.999724
1520621176586863985,0.002182,0.020313,-0.001338,0.023664,-0.010811,0.005177,0.999648
1520621176636865985,-0.001024,0.021308,-0.004429,0.021997,-0.013877,0.007914,0.999630
1520621176686866985,-0.004316,0.023456,-0.003199,0.021964,-0.018800,0.010014,0.999532
1520621176736868985,-0.006186,0.026012,-0.002934,0.024234,-0.024182,0.010087,0.999363
1520621176786869985,-0.007364,0.028200,-0.001189,0.030448,-0.027962,0.010890,0.999086
1520621176836871985,-0.009243,0.029666,-0.000753,0.038361,-0.029956,0.011722,0.998746
1520621176886877143,-0.008884,0.030627,-0.000506,0.044035,-0.033587,0.011552,0.998398
1520621176936878143,-0.010796,0.031887,-0.000023,0.045988,-0.035360,0.011492,0.998250
1520621176986880143,-0.012745,0.031197,-0.000446,0.044161,-0.034388,0.009893,0.998383
1520621177036882143,-0.014554,0.031134,-0.001414,0.041027,-0.033037,0.008350,0.998577
1520621177086883143,-0.015808,0.030942,-0.001651,0.039442,-0.032385,0.007176,0.998671
1520621177136885143,-0.016904,0.031210,-0.002397,0.040138,-0.031335,0.005489,0.998688
1520621177186887143,-0.018342,0.030859,-0.003243,0.042656,-0.031763,0.004996,0.998572
1520621177236888143,-0.020707,0.031337,-0.002793,0.045874,-0.030677,0.003853,0.998469
1520621177286936669,-0.022444,0.032230,-0.000776,0.048086,-0.029094,0.002109,0.998417
1520621177336937669,-0.025175,0.032209,-0.000878,0.047634,-0.027677,0.000166,0.998481
1520621177386938669,-0.029022,0.032062,-0.001112,0.045636,-0.026736,-0.002260,0.998598
1520621177436940669,-0.031502,0.032206,-0.001377,0.043562,-0.026198,-0.004383,0.998698
1520621177486941669,-0.033846,0.032090,-0.001491,0.042995,-0.025634,-0.006213,0.998727
1520621177536943669,-0.035687,0.031916,-0.001256,0.044767,-0.025021,-0.007687,0.998654
1520621177586948669,-0.037500,0.032239,-0.000849,0.047209,-0.024414,-0.008742,0.998548
1520621177636946669,-0.038848,0.032279,-0.001324,0.048966,-0.024194,-0.010138,0.998456
1520621177686960002,-0.038647,0.032517,-0.000236,0.050414,-0.023596,-0.012010,0.998377
1520621177736959002,-0.038958,0.032187,-0.000066,0.050290,-0.022788,-0.013818,0.998379
1520621177786961002,-0.038046,0.031623,0.000270,0.049138,-0.021802,-0.015044,0.998441
1520621177836962002,-0.037103,0.031355,0.001413,0.048524,-0.020693,-0.015190,0.998492
1520621177886964002,-0.035183,0.031526,0.002233,0.049228,-0.019729,-0.014814,0.998483
1520621177936965002,-0.033630,0.031555,0.001977,0.051372,-0.018865,-0.013986,0.998403
1520621177986967002,-0.031549,0.031872,0.002335,0.053682,-0.018002,-0.013554,0.998304
1520621178036969002,-0.030036,0.031898,0.002567,0.054290,-0.017836,-0.012849,0.998283
1520621178086983055,-0.028494,0.031692,0.002255,0.053293,-0.018192,-0.012076,0.998340
1520621178136985055,-0.027169,0.031433,0.001789,0.052208,-0.017854,-0.011352,0.998412
1520621178186986055,-0.026390,0.031116,0.002741,0.051652,-0.016293,-0.011130,0.998470
1520621178236988055,-0.025255,0.030451,0.003430,0.051199,-0.014723,-0.010679,0.998523
1520621178286989055,-0.023323,0.030024,0.004730,0.051321,-0.013480,-0.009820,0.998543
1520621178336991055,-0.021053,0.029743,0.004483,0.050723,-0.012770,-0.008961,0.998591
1520621178386992055,-0.021345,0.029514,0.005206,0.049824,-0.012902,-0.008021,0.998642
1520621178436994055,-0.021148,0.029074,0.004775,0.048368,-0.013337,-0.007490,0.998712
1520621178486996055,-0.021175,0.029154,0.005016,0.048448,-0.014604,-0.006965,0.998695
1520621178536998459,-0.021367,0.029482,0.004547,0.050288,-0.015530,-0.006684,0.998592
1520621178587000459,-0.022122,0.029900,0.005080,0.052885,-0.016146,-0.006653,0.998448
1520621178637001459,-0.022682,0.030325,0.005158,0.054753,-0.017037,-0.006421,0.998334
1520621178687003459,-0.022708,0.030356,0.003503,0.054771,-0.017686,-0.007060,0.998317
1520621178737005459,-0.023750,0.030124,0.002613,0.054518,-0.018128,-0.007362,0.998321
1520621178787006459,-0.025439,0.029847,0.002338,0.055246,-0.018038,-0.007917,0.998278
1520621178837007459,-0.027420,0.029576,0.001800,0.056866,-0.017646,-0.008626,0.998189
1520621178887009459,-0.030806,0.029525,0.003091,0.059919,-0.017433,-0.009127,0.998009
1520621178937018757,-0.031529,0.028733,0.002831,0.061972,-0.017125,-0.009881,0.997882
1520621178987021757,-0.031591,0.027986,0.002382,0.062524,-0.017125,-0.009687,0.997849
1520621179037021757,-0.030479,0.026368,0.001948,0.062216,-0.016902,-0.008673,0.997882
1520621179087022757,-0.028400,0.024614,0.002063,0.062073,-0.015554,-0.006522,0.997929
1520621179137024757,-0.025603,0.022419,0.003656,0.061351,-0.014469,-0.003498,0.998005
1520621179187026757,-0.020604,0.019327,0.005656,0.060760,-0.014126,-0.000926,0.998052
1520621179237027757,-0.013342,0.015447,0.008644,0.060467,-0.013116,0.001608,0.998083
1520621179287029757,-0.006187,0.010321,0.011663,0.059211,-0.012657,0.004246,0.998156
1520621179337083634,0.001656,0.003923,0.016953,0.058098,-0.012061,0.006191,0.998219
1520621179387059634,0.013453,-0.002376,0.021912,0.058583,-0.011383,0.008010,0.998185
1520621179437060634,0.024165,-0.009003,0.030295,0.061315,-0.009398,0.009628,0.998028
1520621179487062634,0.037838,-0.017334,0.037005,0.062700,-0.006906,0.010490,0.997953
1520621179537063634,0.054639,-0.027334,0.041917,0.061024,-0.005148,0.011230,0.998060
1520621179587065634,0.072657,-0.036417,0.049540,0.056961,-0.004534,0.010811,0.998308
1520621179637066634,0.091292,-0.049806,0.049923,0.050921,-0.005603,0.009668,0.998640
1520621179687068634,0.113638,-0.060730,0.058045,0.048339,-0.008049,0.008030,0.998766
1520621179737066985,0.135350,-0.070561,0.072615,0.047787,-0.010458,0.006803,0.998780
1520621179787067985,0.159529,-0.082371,0.076179,0.043304,-0.012266,0.005993,0.998969
1520621179837069985,0.183875,-0.092721,0.089286,0.037801,-0.012058,0.003674,0.999206
1520621179887070985,0.210268,-0.104110,0.100650,0.028913,-0.012809,0.001625,0.999499
1520621179937072985,0.237155,-0.114396,0.113509,0.019606,-0.016088,0.000503,0.999678
1520621179987073985,0.263931,-0.123535,0.126796,0.012644,-0.020693,-0.000255,0.999706
1520621180037075985,0.292484,-0.132945,0.138143,0.007198,-0.024758,-0.001770,0.999666
1520621180087077985,0.319861,-0.143453,0.147486,0.003318,-0.028298,-0.003276,0.999589
1520621180136997160,0.349485,-0.151913,0.160413,0.003552,-0.032007,-0.003837,0.999474
1520621180186999160,0.376308,-0.160316,0.171042,0.006031,-0.034042,-0.004551,0.999392
1520621180237000160,0.403757,-0.168116,0.185764,0.010175,-0.032432,-0.004309,0.999413
1520621180287002160,0.430887,-0.175451,0.194290,0.013491,-0.029865,-0.003394,0.999457
1520621180337004160,0.455339,-0.181931,0.204135,0.015372,-0.027783,-0.000665,0.999496
1520621180387005160,0.477623,-0.186438,0.215423,0.014655,-0.028819,0.003937,0.999469
1520621180437007160,0.499137,-0.190799,0.227023,0.012427,-0.032133,0.008944,0.999366
1520621180487008160,0.520088,-0.193417,0.235336,0.008362,-0.036580,0.011602,0.999228
1520621180536947844,0.539729,-0.195603,0.240543,0.002037,-0.042020,0.011234,0.999052
1520621180586949844,0.557095,-0.197913,0.243357,-0.006514,-0.047665,0.008909,0.998802
1520621180636950844,0.574050,-0.197245,0.248655,-0.014951,-0.051918,0.006730,0.998517
1520621180686952844,0.591087,-0.196788,0.251468,-0.023000,-0.055969,0.006140,0.998149
1520621180736953844,0.606365,-0.196269,0.249627,-0.029796,-0.056621,0.006672,0.997929
1520621180786957844,0.621873,-0.194097,0.246974,-0.032663,-0.056247,0.008137,0.997849
1520621180836956844,0.634354,-0.191478,0.238498,-0.030967,-0.054818,0.015949,0.997889
1520621180886958844,0.644083,-0.185624,0.227035,-0.022210,-0.053968,0.028544,0.997887
1520621180936959844,0.650148,-0.180790,0.212088,-0.007158,-0.053297,0.043453,0.997607
1520621180986957897,0.654234,-0.176395,0.195910,0.011937,-0.052895,0.058397,0.996820
1520621181036875897,0.651252,-0.171321,0.179931,0.031685,-0.052026,0.073454,0.995437
1520621181086877897,0.639609,-0.169473,0.166750,0.048252,-0.046740,0.088023,0.993851
1520621181136878897,0.623467,-0.168071,0.154292,0.057655,-0.037874,0.098214,0.992772
1520621181186880897,0.599975,-0.168371,0.145308,0.059517,-0.029437,0.106701,0.992072
1520621181236881897,0.571182,-0.169734,0.134985,0.055519,-0.024243,0.112853,0.991763
1520621181286883897,0.534681,-0.174203,0.132943,0.051317,-0.020689,0.117247,0.991560
1520621181336885897,0.495575,-0.180265,0.133906,0.047522,-0.018091,0.118614,0.991638
1520621181387021353,0.448757,-0.184602,0.136645,0.043989,-0.013838,0.116068,0.992170
1520621181437023353,0.400750,-0.188192,0.141909,0.041264,-0.011835,0.113219,0.992642
1520621181487024353,0.344533,-0.193451,0.148583,0.040160,-0.009453,0.110683,0.992999
1520621181537026353,0.287049,-0.196159,0.156835,0.042134,-0.007905,0.108750,0.993144
1520621181587027353,0.226936,-0.196491,0.165606,0.044003,-0.005187,0.105660,0.993415
1520621181637029353,0.164494,-0.195966,0.169970,0.042404,-0.002895,0.101996,0.993876
1520621181687031353,0.102208,-0.193556,0.177678,0.038494,-0.002996,0.100670,0.994170
1520621181737032353,0.040904,-0.190543,0.185007,0.032869,-0.000475,0.098691,0.994575
1520621181787099546,-0.020115,-0.189845,0.197570,0.030066,0.004413,0.095920,0.994925
1520621181837101546,-0.078707,-0.185219,0.200404,0.030398,0.013383,0.090541,0.995339
1520621181887102546,-0.136175,-0.181701,0.202695,0.037470,0.019127,0.083647,0.995607
1520621181937104546,-0.189186,-0.179523,0.207060,0.048609,0.020940,0.073279,0.995906
1520621181987105546,-0.240708,-0.178277,0.206717,0.056478,0.019464,0.063821,0.996172
1520621182037106546,-0.292824,-0.177222,0.210973,0.063667,0.019175,0.054217,0.996313
1520621182087109546,-0.341294,-0.176300,0.211382,0.066300,0.016053,0.047543,0.996537
1520621182137110546,-0.387744,-0.176749,0.208951,0.062526,0.011422,0.043214,0.997042
1520621182187082371,-0.435095,-0.175575,0.211755,0.055338,0.007878,0.036692,0.997762
1520621182237083371,-0.482003,-0.176789,0.208698,0.044879,0.006108,0.027223,0.998603
1520621182287085371,-0.528613,-0.178563,0.205786,0.035170,0.006855,0.018177,0.999193
1520621182337086371,-0.573019,-0.180845,0.206059,0.029917,0.009051,0.011269,0.999448
1520621182387087371,-0.616104,-0.184093,0.203438,0.029510,0.011703,0.006801,0.999473
1520621182437089371,-0.658981,-0.188102,0.204541,0.035110,0.012866,0.002855,0.999297
1520621182487091371,-0.701880,-0.192122,0.204634,0.043054,0.014973,-0.001502,0.998959
1520621182537092371,-0.745139,-0.193625,0.206431,0.049766,0.018328,-0.011143,0.998531
1520621182587069599,-0.785690,-0.195900,0.209822,0.051817,0.020294,-0.024658,0.998146
1520621182637070599,-0.825749,-0.194457,0.209912,0.047603,0.019047,-0.036475,0.998018
1520621182687072599,-0.864818,-0.194359,0.215289,0.043897,0.016874,-0.044795,0.997889
1520621182737073599,-0.900336,-0.193212,0.213632,0.042750,0.014940,-0.052445,0.997597
1520621182787075599,-0.934509,-0.190515,0.213889,0.044970,0.014811,-0.059421,0.997110
1520621182837076599,-0.968204,-0.185745,0.209324,0.045644,0.015880,-0.066237,0.996633
1520621182887078599,-0.999712,-0.179919,0.207085,0.044516,0.017039,-0.071533,0.996299
1520621182937080599,-1.029321,-0.173073,0.203780,0.042933,0.016152,-0.073301,0.996254
1520621182987081599,-1.057535,-0.163973,0.197618,0.042358,0.015022,-0.073651,0.996271
1520621183037202055,-1.083815,-0.154652,0.190923,0.043188,0.012759,-0.068624,0.996626
1520621183087203055,-1.108649,-0.144546,0.180959,0.042765,0.009749,-0.061348,0.997152
1520621183137205055,-1.131398,-0.134784,0.170076,0.041962,0.008266,-0.056486,0.997487
1520621183187206055,-1.151734,-0.125256,0.156997,0.041003,0.007914,-0.052779,0.997733
1520621183237208055,-1.170593,-0.115821,0.138337,0.040849,0.007748,-0.050663,0.997850
1520621183287210055,-1.187494,-0.105858,0.114355,0.043745,0.008069,-0.050740,0.997721
1520621183337211055,-1.201524,-0.096441,0.085791,0.050573,0.006501,-0.049211,0.997486
1520621183387213055,-1.211917,-0.084044,0.057204,0.060681,0.003608,-0.049523,0.996921
1520621183437263459,-1.218214,-0.071789,0.027738,0.074797,-0.000346,-0.051409,0.995873
1520621183487265459,-1.224307,-0.059739,-0.004990,0.092410,-0.005587,-0.055248,0.994171
1520621183537267459,-1.222936,-0.040932,-0.034238,0.111135,-0.011713,-0.057692,0.992060
1520621183587268459,-1.217686,-0.020848,-0.062173,0.125790,-0.017946,-0.060304,0.990060
1520621183637270459,-1.211019,-0.000894,-0.090459,0.134216,-0.022799,-0.063527,0.988651
1520621183687271459,-1.203334,0.019915,-0.116056,0.138116,-0.026386,-0.068591,0.987686
1520621183737273459,-1.191459,0.044880,-0.133854,0.140483,-0.028682,-0.074855,0.986833
1520621183787274459,-1.178765,0.068424,-0.157100,0.141509,-0.028125,-0.080463,0.986261
1520621183837821581,-1.164551,0.095973,-0.176032,0.144812,-0.024483,-0.083946,0.985588
1520621183887823581,-1.144698,0.123152,-0.191745,0.151650,-0.018045,-0.085325,0.984579
1520621183937824581,-1.121637,0.152632,-0.207048,0.159855,-0.009638,-0.085347,0.983397
1520621183987825581,-1.096097,0.182574,-0.220855,0.167703,-0.002795,-0.084520,0.982204
1520621184037827581,-1.063805,0.211536,-0.229004,0.173764,0.001325,-0.082908,0.981290
1520621184087829581,-1.031967,0.238766,-0.234870,0.175333,0.003625,-0.078648,0.981356
1520621184137830581,-0.993209,0.266597,-0.237150,0.175328,0.007155,-0.072433,0.981816
1520621184187832581,-0.950579,0.293092,-0.239504,0.174435,0.012560,-0.063024,0.982570
1520621184238219248,-0.901782,0.317915,-0.244434,0.172148,0.017464,-0.050173,0.983638
1520621184288178248,-0.857948,0.338787,-0.243234,0.173531,0.022607,-0.032933,0.984018
1520621184338179248,-0.809826,0.356962,-0.243807,0.176554,0.029983,-0.017723,0.983675
1520621184388181248,-0.761608,0.371538,-0.239986,0.179764,0.030888,-0.005704,0.983208
1520621184438182248,-0.714176,0.383145,-0.232842,0.184369,0.024511,0.004110,0.982543
1520621184488184248,-0.663734,0.389764,-0.225472,0.191819,0.015332,0.010891,0.981250
1520621184538186248,-0.614609,0.391175,-0.216497,0.200061,0.012497,0.018358,0.979532
1520621184588187248,-0.562150,0.388278,-0.206133,0.203041,0.014812,0.028801,0.978634
1520621184638125599,-0.508236,0.382355,-0.195413,0.197487,0.017677,0.040848,0.979295
1520621184688126599,-0.452551,0.371702,-0.178897,0.184893,0.017861,0.054152,0.981103
1520621184738128599,-0.394771,0.361544,-0.155207,0.167781,0.016534,0.069792,0.983212
1520621184788129599,-0.339369,0.351290,-0.130201,0.148571,0.018965,0.082604,0.985263
1520621184838131599,-0.281397,0.340901,-0.099893,0.127635,0.018879,0.090178,0.987533
1520621184888133599,-0.228351,0.332494,-0.064631,0.105584,0.008191,0.099100,0.989426
1520621184938134599,-0.175577,0.325265,-0.031744,0.082567,-0.000472,0.106742,0.990853
1520621184988136599,-0.123614,0.318564,0.002222,0.061458,-0.008780,0.114996,0.991424
1520621185037559002,-0.072025,0.314077,0.034106,0.044091,-0.018162,0.123644,0.991180
1520621185087561002,-0.018951,0.309250,0.060658,0.032894,-0.028668,0.132285,0.990251
1520621185137562002,0.031504,0.306164,0.082630,0.027107,-0.037178,0.144260,0.988470
1520621185187564002,0.083730,0.304460,0.100667,0.025154,-0.040847,0.155229,0.986713
1520621185237566002,0.138864,0.301776,0.111906,0.024964,-0.044624,0.168562,0.984364
1520621185287568002,0.191010,0.299198,0.119897,0.026942,-0.043843,0.180303,0.982264
1520621185337569002,0.243917,0.299165,0.124090,0.031536,-0.041653,0.190662,0.980265
1520621185387571002,0.295513,0.300961,0.121058,0.039707,-0.039856,0.200043,0.978171
1520621185437573002,0.344001,0.303711,0.116260,0.051261,-0.037500,0.209224,0.975803
1520621185487186704,0.392270,0.307263,0.094789,0.061299,-0.032026,0.219989,0.973047
1520621185537187704,0.442675,0.311859,0.071348,0.073907,-0.025796,0.232420,0.969460
1520621185587188704,0.483511,0.314969,0.050961,0.091630,-0.019869,0.247341,0.964381
1520621185637190704,0.523175,0.316849,0.034371,0.112982,-0.013920,0.262335,0.958239
1520621185687195704,0.560441,0.318343,0.019946,0.134990,-0.003916,0.276586,0.951453
1520621185737193704,0.593241,0.317077,0.004793,0.153252,0.004584,0.292423,0.943918
1520621185787195704,0.629594,0.315241,-0.005936,0.166141,0.008802,0.308666,0.936507
1520621185837197704,0.657202,0.306905,-0.014285,0.171547,0.009372,0.324393,0.930190
1520621185887492002,0.687423,0.292256,-0.011542,0.172071,0.004235,0.338073,0.925246
1520621185937395002,0.709314,0.274475,-0.006978,0.165923,-0.001434,0.349477,0.922135
1520621185987397002,0.727282,0.250544,0.006473,0.154543,-0.006787,0.357981,0.920826
1520621186037398002,0.739326,0.221691,0.030760,0.137738,-0.014015,0.365127,0.920605
1520621186087400002,0.744165,0.188046,0.058341,0.116974,-0.022993,0.370125,0.921301
1520621186137402002,0.747614,0.151910,0.091064,0.096270,-0.032723,0.371223,0.922960
1520621186187403002,0.743501,0.115792,0.124923,0.077783,-0.043555,0.374928,0.922758
1520621186237405002,0.732200,0.078230,0.151576,0.059089,-0.048759,0.374368,0.924110
1520621186287542634,0.715285,0.042148,0.180900,0.042241,-0.053488,0.369657,0.926665
1520621186337544634,0.692905,0.005470,0.211425,0.027731,-0.057603,0.358177,0.931462
1520621186387545634,0.666987,-0.029360,0.231941,0.014438,-0.062731,0.343746,0.936854
1520621186437547634,0.635290,-0.062620,0.259387,0.006389,-0.068576,0.331016,0.941108
1520621186487549634,0.600817,-0.105256,0.290110,0.005368,-0.073777,0.319418,0.944722
1520621186537550634,0.566815,-0.134667,0.298564,0.003589,-0.073618,0.309239,0.948124
1520621186587552634,0.528945,-0.163640,0.299362,0.004190,-0.069889,0.300240,0.951291
1520621186637553634,0.489031,-0.189323,0.297615,0.006575,-0.063842,0.291048,0.954553
1520621186687118932,0.454491,-0.210913,0.294481,0.011324,-0.059998,0.281446,0.957633
1520621186737119932,0.403200,-0.235831,0.276232,0.015950,-0.061394,0.276106,0.959032
1520621186787121932,0.358935,-0.257738,0.253163,0.024462,-0.064133,0.267873,0.961006
1520621186837123932,0.313322,-0.277923,0.230196,0.037629,-0.068669,0.255544,0.963621
1520621186887125932,0.268942,-0.297349,0.203695,0.052254,-0.077269,0.241279,0.965962
1520621186937126932,0.220488,-0.317705,0.173645,0.067719,-0.082640,0.226973,0.968023
1520621186987127932,0.173570,-0.334992,0.142271,0.082697,-0.081235,0.211575,0.970463
1520621187037129932,0.123386,-0.349089,0.112517,0.096711,-0.076722,0.191715,0.973656
1520621187087210108,0.074377,-0.359156,0.085467,0.108171,-0.075813,0.165733,0.977284
1520621187137211108,0.021406,-0.364085,0.056930,0.116201,-0.079286,0.140518,0.980034
1520621187187213108,-0.031745,-0.364155,0.029890,0.121440,-0.082926,0.113560,0.982588
1520621187237214108,-0.088921,-0.363733,0.007730,0.124325,-0.082962,0.083563,0.985230
1520621187287216108,-0.145644,-0.354266,-0.022482,0.124013,-0.083972,0.052247,0.987340
1520621187337217108,-0.206525,-0.349324,-0.039758,0.128120,-0.087908,0.024006,0.987563
1520621187387219108,-0.271924,-0.321910,-0.111538,0.120446,-0.093517,-0.002170,0.988303
1520621187437220108,-0.325002,-0.302511,-0.131028,0.126268,-0.093586,-0.029773,0.987123
1520621187487906108,-0.382664,-0.282837,-0.145011,0.130993,-0.093280,-0.056278,0.985379
1520621187537907108,-0.449825,-0.250427,-0.233236,0.113541,-0.099021,-0.077583,0.985538
1520621187587909108,-0.505541,-0.230845,-0.228770,0.113084,-0.101616,-0.100373,0.983266
1520621187637911108,-0.561382,-0.208910,-0.221741,0.107786,-0.099968,-0.121705,0.981619
1520621187687912108,-0.617946,-0.184534,-0.211956,0.101292,-0.091469,-0.142626,0.980322
1520621187737914108,-0.669434,-0.163353,-0.194917,0.096964,-0.078981,-0.162523,0.978747
1520621187787915108,-0.718128,-0.144122,-0.173021,0.094268,-0.064296,-0.183301,0.976412
1520621187837917108,-0.762591,-0.127065,-0.146287,0.089224,-0.053071,-0.200090,0.974262
1520621187887918108,-0.799925,-0.112161,-0.116238,0.080480,-0.043025,-0.215342,0.972265
1520621187938206283,-0.829321,-0.101732,-0.086304,0.067634,-0.031908,-0.228918,0.970569
1520621187988207283,-0.849893,-0.096359,-0.051832,0.054363,-0.021385,-0.240713,0.968837
1520621188038209283,-0.864394,-0.093685,-0.015526,0.040953,-0.015216,-0.248156,0.967734
1520621188088211283,-0.871346,-0.094116,0.020524,0.029526,-0.010392,-0.251623,0.967319
1520621188138212283,-0.873508,-0.095659,0.053573,0.020746,-0.006286,-0.249719,0.968076
1520621188188214283,-0.869352,-0.101630,0.086826,0.013773,-0.000445,-0.244761,0.969486
1520621188238215283,-0.855958,-0.104499,0.116690,0.004580,0.007148,-0.236895,0.971498
1520621188288217283,-0.837927,-0.109692,0.147172,-0.004934,0.015329,-0.225911,0.974015
1520621188337701581,-0.811029,-0.113680,0.173070,-0.016154,0.022223,-0.214298,0.976382
1520621188387703581,-0.779662,-0.116811,0.195424,-0.026783,0.029963,-0.202111,0.978538
1520621188437705581,-0.743890,-0.120014,0.213500,-0.036323,0.036867,-0.188431,0.980722
1520621188487706581,-0.704854,-0.123822,0.226305,-0.044086,0.037576,-0.171025,0.983562
1520621188537708581,-0.663724,-0.125478,0.234655,-0.047573,0.031614,-0.151907,0.986743
1520621188587710581,-0.620551,-0.127916,0.231121,-0.049657,0.025113,-0.135072,0.989272
1520621188637711581,-0.572438,-0.138607,0.229782,-0.048347,0.017571,-0.121700,0.991233
1520621188687713581,-0.522855,-0.140339,0.209270,-0.046716,0.011438,-0.110272,0.992737
1520621188737129108,-0.470330,-0.138541,0.189536,-0.039208,0.007501,-0.102421,0.993940
1520621188787131108,-0.417532,-0.134488,0.158104,-0.029594,0.000285,-0.094272,0.995106
1520621188837133108,-0.367130,-0.125870,0.125777,-0.015784,-0.009679,-0.082718,0.996401
1520621188887134108,-0.314449,-0.117831,0.087308,0.002187,-0.019026,-0.068650,0.997457
1520621188937136108,-0.259863,-0.106939,0.059346,0.025719,-0.024174,-0.055549,0.997832
1520621188987137108,-0.202965,-0.097662,0.020286,0.045915,-0.028218,-0.042360,0.997648
1520621189037139108,-0.145979,-0.081463,-0.009179,0.062929,-0.031294,-0.027364,0.997152
1520621189087140108,-0.089909,-0.066660,-0.040048,0.075799,-0.033232,-0.012915,0.996486
1520621189137263353,-0.039015,-0.051393,-0.061649,0.086665,-0.033945,0.003168,0.995654
1520621189187213353,0.014879,-0.034121,-0.078277,0.093229,-0.034350,0.018612,0.994878
1520621189237214353,0.061245,-0.032233,0.001000,0.119226,-0.037346,0.037352,0.991461
1520621189287216353,0.111460,-0.014151,0.002285,0.123805,-0.041812,0.058498,0.989698
1520621189337218353,0.169163,0.009589,0.027558,0.134434,-0.044730,0.078836,0.986768
1520621189387219353,0.218124,0.030233,0.032746,0.141283,-0.047875,0.101431,0.983595
1520621189437221353,0.261181,0.048581,0.046751,0.147850,-0.047975,0.122828,0.980180
1520621189487222353,0.290854,0.062340,0.043007,0.142384,-0.048143,0.143574,0.978159
1520621189537683230,0.325380,0.074222,0.063504,0.132818,-0.054136,0.161399,0.976411
1520621189587684230,0.352230,0.085435,0.088611,0.117964,-0.059774,0.177420,0.975210
1520621189637686230,0.372713,0.094146,0.122552,0.104326,-0.062105,0.189700,0.974306
1520621189687688230,0.385951,0.102147,0.156783,0.093103,-0.062636,0.199850,0.973380
1520621189737689230,0.393586,0.104537,0.190981,0.084143,-0.060737,0.205954,0.973044
1520621189787691230,0.395801,0.109380,0.218204,0.074283,-0.058532,0.208648,0.973407
1520621189837692230,0.389302,0.107275,0.250103,0.066083,-0.056574,0.209183,0.973999
1520621189887694230,0.377481,0.103020,0.279234,0.055952,-0.055828,0.208432,0.974838
1520621189937695230,0.357294,0.098748,0.305306,0.042303,-0.053320,0.203069,0.976796
1520621189987427546,0.334581,0.089995,0.330207,0.026139,-0.053191,0.195084,0.978994
1520621190037428546,0.308397,0.080595,0.349140,0.009024,-0.051693,0.182994,0.981712
1520621190087431546,0.271459,0.072230,0.365488,-0.005094,-0.049482,0.170538,0.984095
1520621190137433546,0.231607,0.060728,0.373727,-0.014819,-0.044686,0.156357,0.986578
1520621190187433546,0.188527,0.050588,0.375007,-0.018743,-0.041118,0.142482,0.988765
1520621190237435546,0.145712,0.042686,0.370023,-0.015773,-0.036000,0.127123,0.991108
1520621190287437546,0.100822,0.029504,0.360882,-0.007559,-0.031466,0.110798,0.993316
1520621190337438546,0.053271,0.020308,0.338050,0.000752,-0.028571,0.095164,0.995051
1520621190387228266,0.001047,0.008861,0.310730,0.011497,-0.029516,0.081818,0.996144
1520621190437230266,-0.044813,0.000480,0.283815,0.023081,-0.033306,0.070205,0.996709
1520621190487231266,-0.091903,-0.008262,0.254048,0.036053,-0.037903,0.057800,0.996957
1520621190537232266,-0.143349,-0.016348,0.223904,0.051931,-0.040298,0.042753,0.996921
1520621190587234266,-0.196493,-0.022591,0.190181,0.069484,-0.041454,0.026581,0.996367
1520621190637236266,-0.246817,-0.024642,0.154150,0.088929,-0.042232,0.007788,0.995112
1520621190687237266,-0.299463,-0.025088,0.112287,0.106142,-0.040976,-0.012359,0.993429
1520621190737238266,-0.356672,-0.018943,0.081370,0.123167,-0.036699,-0.035082,0.991086
1520621190787284266,-0.518212,-0.039125,-0.057222,0.111916,-0.029208,-0.042821,0.992365
1520621190837285266,-0.558210,-0.022387,-0.166448,0.096628,-0.029018,-0.070128,0.992423
1520621190887287266,-0.716382,-0.012749,-0.229988,0.089129,-0.015194,-0.072292,0.993277
1520621190937289266,-0.818751,0.013183,-0.269907,0.084817,-0.008483,-0.081502,0.993021
1520621190987290266,-0.948175,0.057559,-0.305966,0.084164,0.001202,-0.088554,0.992509
1520621191037292266,-0.993498,0.063996,-0.304099,0.087217,0.006458,-0.113305,0.989704
1520621191087293266,-1.033271,0.073681,-0.291856,0.087053,0.012171,-0.136516,0.986731
1520621191137295266,-1.067654,0.085256,-0.269602,0.081990,0.017735,-0.158131,0.983848
1520621191188118230,-1.101989,0.096955,-0.245629,0.070346,0.023050,-0.175838,0.981632
1520621191238120230,-1.120649,0.107086,-0.210599,0.055251,0.028422,-0.192089,0.979409
1520621191288122230,-1.131945,0.117741,-0.168222,0.036184,0.034235,-0.204525,0.977593
1520621191338123230,-1.133335,0.127170,-0.123524,0.014795,0.041773,-0.211375,0.976400
1520621191388125230,-1.128596,0.137703,-0.082214,-0.009476,0.048712,-0.213321,0.975721
1520621191438126230,-1.101418,0.114441,-0.009337,-0.021635,0.054440,-0.213721,0.975137
1520621191488128230,-1.083905,0.120405,0.026289,-0.038417,0.061637,-0.207524,0.975530
1520621191538129230,-1.067072,0.146402,0.038957,-0.056080,0.064944,-0.193959,0.977250
1520621191587633967,-1.033431,0.150033,0.075493,-0.066001,0.065805,-0.181655,0.978936
1520621191637634967,-0.993768,0.149990,0.101851,-0.080198,0.064864,-0.165974,0.980721
1520621191687636967,-0.955854,0.152621,0.124702,-0.097360,0.062657,-0.146316,0.982439
1520621191737638967,-0.908253,0.149218,0.141389,-0.114774,0.062175,-0.126113,0.983391
1520621191787640967,-0.864567,0.148818,0.143055,-0.129175,0.062441,-0.102572,0.984324
1520621191837642967,-0.796628,0.137944,0.175177,-0.122875,0.063126,-0.078487,0.987298
1520621191887643967,-0.744763,0.142490,0.175812,-0.112408,0.060541,-0.038063,0.991085
1520621191937644967,-0.694450,0.140767,0.168034,-0.096171,0.053339,0.017872,0.993774
1520621191987161774,-0.625331,0.146472,0.190567,-0.068401,0.042164,0.073423,0.994059
1520621192037162774,-0.579592,0.150353,0.205025,-0.041450,0.031650,0.135291,0.989432
1520621192087164774,-0.530517,0.155922,0.205376,-0.016361,0.018565,0.194139,0.980662
1520621192137168774,-0.498299,0.161037,0.212927,0.010508,0.015829,0.252554,0.967396
1520621192187167774,-0.451588,0.179093,0.195285,0.024539,0.010474,0.306631,0.951455
1520621192237169774,-0.414677,0.192045,0.184780,0.029164,0.000996,0.356838,0.933711
1520621192287170774,-0.387972,0.194036,0.188135,0.027343,-0.012429,0.397775,0.916991
1520621192337172774,-0.348077,0.219940,0.161417,0.015282,-0.028384,0.414338,0.909552
1520621192387178774,-0.321508,0.219836,0.167041,0.011080,-0.037239,0.411268,0.910686
1520621192437299844,-0.293663,0.221651,0.166049,0.010844,-0.039046,0.387249,0.921084
1520621192487300844,-0.272349,0.224517,0.164736,0.014239,-0.033929,0.351837,0.935338
1520621192537302844,-0.250739,0.225620,0.158181,0.016976,-0.025451,0.309950,0.950261
1520621192587303844,-0.232093,0.228596,0.159544,0.019793,-0.019328,0.268492,0.962885
1520621192637305844,-0.233871,0.205600,0.206553,0.025917,-0.011794,0.228249,0.973186
1520621192687306844,-0.211383,0.213148,0.196404,0.016844,-0.013114,0.179186,0.983584
1520621192737308844,-0.199929,0.218989,0.193426,0.005053,-0.010321,0.124545,0.992147
1520621192787309844,-0.196096,0.223151,0.194208,-0.008016,-0.003607,0.066020,0.997780
1520621192837384827,-0.192988,0.232642,0.198806,-0.023497,0.006375,0.007325,0.999677
1520621192887386827,-0.194849,0.238973,0.198002,-0.040298,0.011503,-0.029536,0.998685
1520621192937387827,-0.205232,0.240545,0.197752,-0.056248,0.012333,-0.039127,0.997574
1520621192987389827,-0.218650,0.242840,0.202874,-0.067848,0.012690,-0.031391,0.997121
1520621193037390827,-0.238727,0.241716,0.204236,-0.077969,0.011547,-0.009536,0.996843
1520621193087392827,-0.258698,0.237657,0.210416,-0.081959,0.008419,0.021970,0.996358
1520621193137393827,-0.286637,0.233435,0.220958,-0.075376,0.003361,0.056190,0.995565
1520621193187395827,-0.313844,0.230398,0.220171,-0.060903,-0.001438,0.095938,0.993521
1520621193237235353,-0.349832,0.227293,0.227832,-0.038785,0.000136,0.132856,0.990376
1520621193287237353,-0.387394,0.223565,0.223670,-0.018689,0.004910,0.171713,0.984958
1520621193337239353,-0.424159,0.223216,0.219574,-0.001231,0.010685,0.215826,0.976373
1520621193387241353,-0.465609,0.221809,0.215843,0.009825,0.015455,0.264078,0.964327
1520621193437242353,-0.504059,0.227513,0.206339,0.010674,0.023601,0.303859,0.952365
1520621193487244353,-0.544119,0.232037,0.191063,0.001939,0.028416,0.332961,0.942510
1520621193537245353,-0.589511,0.228473,0.194928,-0.012711,0.035609,0.346320,0.937354
1520621193587246353,-0.636036,0.224508,0.197096,-0.026954,0.031747,0.345429,0.937520
1520621193637360423,-0.676702,0.218321,0.201410,-0.038179,0.029188,0.318270,0.946781
1520621193687362423,-0.724993,0.219740,0.188261,-0.047800,0.026504,0.267478,0.962013
1520621193737363423,-0.775404,0.217751,0.184925,-0.049312,0.034899,0.199943,0.977943
1520621193787365423,-0.823811,0.215779,0.181455,-0.042400,0.042795,0.131697,0.989458
1520621193837368423,-0.868026,0.215960,0.181502,-0.029345,0.047926,0.063740,0.996383
1520621193887368423,-0.906792,0.215676,0.168480,-0.018897,0.048529,-0.007161,0.998617
1520621193937370423,-0.944524,0.216736,0.153680,-0.009369,0.046558,-0.078688,0.995767
1520621193987371423,-0.987509,0.223545,0.150583,-0.000873,0.047057,-0.148356,0.987813
1520621194037374862,-1.024379,0.229383,0.141018,0.001495,0.048473,-0.217576,0.974838
1520621194087317862,-1.056470,0.239638,0.142454,-0.001656,0.045035,-0.279652,0.959043
1520621194137319862,-1.082983,0.248335,0.138369,-0.011398,0.043826,-0.331805,0.942261
1520621194187320862,-1.100719,0.253494,0.139494,-0.023426,0.048280,-0.363893,0.929894
1520621194237322862,-1.114099,0.257824,0.139913,-0.037166,0.056779,-0.367130,0.927691
1520621194287323862,-1.120443,0.256807,0.140012,-0.051035,0.063470,-0.342991,0.935801
1520621194337325862,-1.118214,0.253986,0.148901,-0.061560,0.065748,-0.297045,0.950606
1520621194387326862,-1.061525,0.218472,0.309893,-0.038959,0.055632,-0.252362,0.965246
1520621194437328862,-1.043884,0.210127,0.334151,-0.031273,0.046103,-0.191142,0.979980
1520621194487551002,-1.015755,0.205316,0.347577,-0.016891,0.035237,-0.129032,0.990870
1520621194537552002,-0.999011,0.202751,0.325199,-0.008787,0.029460,-0.070332,0.997050
1520621194587554002,-0.965436,0.198513,0.323729,-0.002581,0.024791,-0.020881,0.999471
1520621194637555002,-0.936574,0.194778,0.319662,-0.008767,0.021256,0.020778,0.999520
1520621194687557002,-0.901983,0.190049,0.311825,-0.021866,0.016382,0.056134,0.998049
1520621194737558002,-0.871325,0.183841,0.310670,-0.035035,0.008815,0.088834,0.995391
1520621194787560002,-0.838701,0.180997,0.309633,-0.045262,-0.004150,0.118299,0.991937
1520621194837561002,-0.800174,0.181219,0.306724,-0.050501,-0.018242,0.138902,0.988849
1520621194887323002,-0.769430,0.180305,0.308181,-0.046711,-0.024180,0.143008,0.988323
1520621194937325002,-0.735634,0.181605,0.309844,-0.037419,-0.024668,0.131767,0.990267
1520621194987327002,-0.703087,0.182944,0.313283,-0.038774,-0.025638,0.111302,0.992699
1520621195037328002,-0.668734,0.189773,0.322684,-0.061763,-0.029713,0.087141,0.993835
1520621195087329002,-0.636406,0.192985,0.328457,-0.106708,-0.029523,0.064431,0.991761
1520621195137331002,-0.610561,0.199153,0.342349,-0.151218,-0.025298,0.049023,0.986960
1520621195187333002,-0.579944,0.204561,0.345943,-0.187959,-0.021716,0.037719,0.981212
1520621195237334002,-0.552012,0.209185,0.353845,-0.211356,-0.020577,0.030739,0.976709
1520621195287258669,-0.527328,0.215216,0.360489,-0.227748,-0.020960,0.026311,0.973139
1520621195337259669,-0.504131,0.220357,0.364268,-0.239348,-0.020915,0.023455,0.970425
1520621195387261669,-0.483623,0.222082,0.363648,-0.240370,-0.017350,0.020792,0.970304
1520621195437262669,-0.463789,0.223841,0.360290,-0.223710,-0.014198,0.022038,0.974303
1520621195487264669,-0.446698,0.221222,0.350437,-0.186956,-0.013336,0.026831,0.981911
1520621195537266669,6.708258,-1.015162,-0.196064,0.653933,0.548354,0.237775,-0.463835
1520621195587267669,6.855284,-0.455681,0.709998,0.551612,0.672910,0.066207,-0.488398
1520621195637268669,5.884473,0.714525,1.760011,0.424589,0.739799,-0.133653,-0.504538
1520621195687228844,5.767045,-0.592396,2.930779,-0.055267,-0.296961,-0.953029,0.022265
1520621195737230844,5.758746,-0.597427,2.924241,-0.056940,-0.360637,-0.930550,0.027861
1520621195787231844,5.755482,-0.601396,2.918198,-0.058193,-0.416090,-0.906911,0.031540
1520621195837233844,5.744603,-0.612661,2.894614,-0.059955,-0.458826,-0.885983,0.030295
1520621195887234844,6.024388,-0.588058,3.053694,-0.041513,-0.531184,-0.843376,0.069548
1520621195937236844,6.237274,-0.557032,3.012102,-0.030408,-0.550994,-0.827555,0.103118
1520621195987237844,6.234368,-0.563358,3.006929,-0.028865,-0.565096,-0.818057,0.103034
1520621196037239844,6.227653,-0.565965,3.005104,-0.028999,-0.564531,-0.818554,0.102144
1520621196087937213,6.222229,-0.563490,3.006896,-0.032106,-0.544468,-0.832311,0.098904
1520621196137938213,6.458549,0.093049,3.178428,0.044630,-0.569236,-0.793130,0.211952
1520621196187940213,6.462131,0.092051,3.177800,0.026182,-0.510837,-0.832553,0.212639
1520621196237941213,6.373889,0.097690,3.185835,0.012945,-0.445720,-0.873292,0.196283
1520621196287943213,6.114757,0.078389,3.250860,-0.019087,-0.387577,-0.910832,0.140726
1520621196337944213,6.109968,0.079787,3.256692,-0.021984,-0.320455,-0.937525,0.133683
1520621196387946213,6.112319,0.086180,3.267741,-0.025782,-0.256769,-0.957523,0.128667
1520621196437947213,6.113069,0.094215,3.284775,-0.031392,-0.196390,-0.972178,0.123760
1520621196487668020,6.113075,0.095542,3.281734,-0.037906,-0.139552,-0.982178,0.120060
1520621196537670020,6.117939,0.096363,3.282821,-0.041968,-0.095758,-0.987541,0.117605
1520621196587671020,6.116034,0.098181,3.283318,-0.040026,-0.071318,-0.989829,0.116407
1520621196637673020,6.116387,0.100837,3.283542,-0.035322,-0.070300,-0.990158,0.115746
1520621196687675020,6.117067,0.103877,3.278877,-0.031488,-0.092768,-0.988272,0.117139
1520621196737676020,6.115138,0.109136,3.277567,-0.026767,-0.133769,-0.983371,0.119875
1520621196787678020,6.112484,0.112144,3.270079,-0.020562,-0.183728,-0.975026,0.123070
1520621196837679020,6.110501,0.112977,3.259806,-0.015774,-0.238842,-0.962616,0.126793
1520621196887681020,6.108975,0.110984,3.245102,-0.014370,-0.291491,-0.947491,0.130721
1520621196937261037,6.106746,0.105115,3.230552,-0.012941,-0.335905,-0.932185,0.134280
1520621196987263037,6.102520,0.102315,3.217548,-0.011841,-0.373246,-0.917601,0.136220
1520621197037264037,6.095944,0.098206,3.205550,-0.009166,-0.405310,-0.903738,0.137466
1520621197087266037,6.091987,0.092821,3.192457,-0.005559,-0.435751,-0.889063,0.140203
1520621197137268037,6.132126,0.084827,3.183212,0.003660,-0.467912,-0.870299,0.153704
1520621197187269037,6.162426,0.060612,3.125601,0.007362,-0.491948,-0.855515,0.161327
1520621197237270037,6.220821,0.064817,3.141320,0.018126,-0.525566,-0.832924,0.172306
1520621197287283037,6.206533,0.068426,3.143335,0.026591,-0.554394,-0.814526,0.168786
1520621197337572353,6.198350,0.066175,3.140294,0.032069,-0.571695,-0.802939,0.165606
1520621197387573353,6.186614,0.065562,3.141778,0.032401,-0.573217,-0.802172,0.163988
1520621197437575353,6.213042,0.234979,3.222665,0.065993,-0.571262,-0.795232,0.192120
1520621197487576353,6.119870,0.560842,3.491597,0.091789,-0.610218,-0.757665,0.212493
1520621197537578353,5.932518,0.537414,3.443181,0.066135,-0.565842,-0.799616,0.189904
1520621197587579353,5.649003,0.395287,3.528016,0.032607,-0.538665,-0.829371,0.144639
1520621197637581353,5.579093,0.434630,3.587382,0.019392,-0.499999,-0.854511,0.139412
1520621197687583353,5.552272,0.424822,3.588180,0.003319,-0.439593,-0.886907,0.141928
1520621197738079932,5.537046,0.425783,3.593955,-0.012265,-0.381880,-0.912522,0.146015
1520621197788081932,5.519702,0.421799,3.602215,-0.024297,-0.324311,-0.933574,0.150573
1520621197838082932,5.497756,0.410743,3.604372,-0.035242,-0.269639,-0.950212,0.152148
1520621197888084932,5.474817,0.407602,3.616528,-0.042959,-0.227810,-0.960614,0.153227
1520621197938085932,5.453478,0.403077,3.627433,-0.045649,-0.207043,-0.964714,0.156130
1520621197988087932,5.433507,0.395099,3.631249,-0.043428,-0.212858,-0.962746,0.161013
1520621198038088932,5.413339,0.384515,3.631203,-0.041136,-0.238324,-0.955507,0.168866
1520621198088090932,5.398165,0.374789,3.629908,-0.038724,-0.278913,-0.942703,0.178937
1520621198137299950,5.376817,0.364776,3.631565,-0.030947,-0.333164,-0.923539,0.187400
1520621198187300950,4.412345,4.253693,8.788469,0.181013,0.755371,-0.114831,-0.619244
1520621198237302950,28.912381,-46.796111,-54.723866,-0.248165,0.414089,-0.445144,-0.754183
1520621198287304950,29.054644,-49.837887,-50.259106,0.332221,0.465784,0.214144,-0.791718
1520621198337305950,29.063533,-49.847242,-50.259291,0.272541,0.481587,0.172552,-0.814875
1520621198387307950,29.069861,-49.868561,-50.272755,0.223031,0.490513,0.135426,-0.831453
1520621198437308950,29.077250,-49.874829,-50.324460,0.183908,0.489270,0.102420,-0.846347
1520621198487310950,29.080739,-49.884532,-50.329730,0.157466,0.489613,0.083634,-0.853516
1520621198537610213,29.085872,-49.893286,-50.337202,0.151727,0.488664,0.076909,-0.855728
1520621198587611213,29.077153,-49.891179,-50.317960,0.159373,0.488054,0.085848,-0.853835
1520621198637613213,29.067470,-49.887485,-50.323676,0.190804,0.485714,0.105425,-0.846500
1520621198687614213,29.068562,-49.885615,-50.344050,0.237036,0.480949,0.133085,-0.833541
1520621198737619213,29.060449,-49.874851,-50.349448,0.289260,0.472968,0.163893,-0.815946
1520621198787617213,29.054935,-49.861877,-50.359443,0.347110,0.460336,0.196150,-0.793178
1520621198837619213,29.042237,-49.843159,-50.366712,0.402937,0.444343,0.228384,-0.766839
1520621198887620213,29.033023,-49.822679,-50.377861,0.457085,0.424359,0.261827,-0.736505
1520621198938076108,29.023750,-49.803522,-50.396124,0.506913,0.402202,0.292883,-0.703912
1520621198988013108,29.016268,-49.786886,-50.419242,0.548626,0.379818,0.319258,-0.672921
1520621199038015108,29.007225,-49.763393,-50.435013,0.573855,0.364202,0.339189,-0.650384
1520621199088016108,28.999576,-49.749876,-50.459749,0.580449,0.357998,0.348877,-0.642807
1520621199138018108,28.991594,-49.740044,-50.485700,0.571162,0.361997,0.349162,-0.648705
1520621199188019108,28.983972,-49.736554,-50.514129,0.549650,0.373426,0.342883,-0.663980
1520621199238021108,28.976595,-49.736028,-50.547705,0.515225,0.390945,0.330121,-0.687551
1520621199288023108,28.969544,-49.739790,-50.579013,0.468892,0.414170,0.310396,-0.715722
1520621199338024108,28.966645,-49.744755,-50.613268,0.415998,0.439524,0.283921,-0.743743
1520621199387363371,28.962346,-49.752365,-50.647551,0.362913,0.462939,0.254705,-0.767533
1520621199437364371,28.961104,-49.758428,-50.688434,0.312966,0.480651,0.226645,-0.787184
1520621199487366371,28.952686,-49.756234,-50.723156,0.271420,0.493360,0.200315,-0.801749
1520621199537367371,28.950921,-49.757564,-50.753699,0.242859,0.499649,0.184080,-0.810854
1520621199587369371,28.939118,-49.755621,-50.789400,0.230901,0.502559,0.179977,-0.813466
1520621199637370371,28.929278,-49.752144,-50.821691,0.238863,0.502802,0.193422,-0.807912
1520621199687372371,28.917109,-49.748399,-50.853384,0.257301,0.503952,0.226083,-0.792916
1520621199737374371,28.903042,-49.738900,-50.879172,0.267688,0.509178,0.275665,-0.770123
1520621199787779230,28.885099,-49.717619,-50.914515,0.263695,0.516589,0.332813,-0.743530
1520621199837781230,28.876224,-49.707738,-50.934494,0.249092,0.523212,0.393115,-0.713907
1520621199887783230,28.866341,-49.697027,-50.956203,0.227049,0.527873,0.449649,-0.683823
1520621199937784230,28.869041,-49.818621,-51.098140,0.236442,0.504731,0.507368,-0.657206
1520621199987786230,28.951293,-49.812381,-51.345995,0.225084,0.489448,0.530809,-0.654232
1520621200037788230,28.981944,-49.752957,-51.533324,0.202777,0.463453,0.543968,-0.669471
1520621200087789230,28.986630,-49.763415,-51.555193,0.183791,0.464287,0.562565,-0.658922
1520621200137790230,29.031753,-49.784680,-51.651310,0.179746,0.457186,0.565299,-0.662653
1520621200187697844,29.019023,-49.790670,-51.655164,0.187928,0.459967,0.547396,-0.673403
1520621200237698844,28.997506,-49.793338,-51.646988,0.208724,0.455994,0.515215,-0.695024
1520621200287700844,28.981891,-49.799729,-51.645623,0.240163,0.441974,0.479180,-0.719283
1520621200337702844,28.972050,-49.797100,-51.660432,0.278871,0.421496,0.441073,-0.741638
1520621200387703844,28.959092,-49.791747,-51.663282,0.321463,0.398640,0.400125,-0.760032
1520621200437704844,28.952386,-49.797736,-51.666992,0.366309,0.375110,0.362586,-0.770481
1520621200487706844,28.943323,-49.799990,-51.662995,0.405190,0.352286,0.326422,-0.777923
1520621200537711844,28.937308,-49.800082,-51.664594,0.435541,0.334360,0.289917,-0.783872
1520621200587624862,28.931337,-49.800044,-51.664985,0.453018,0.322578,0.262246,-0.788635
1520621200637626862,28.920570,-49.807269,-51.672702,0.462728,0.318109,0.243691,-0.790762
1520621200687627862,28.913694,-49.813324,-51.676788,0.465608,0.319358,0.236168,-0.790851
1520621200737629862,28.907426,-49.816742,-51.680455,0.465321,0.323974,0.232462,-0.790240
1520621200787630862,28.900774,-49.831273,-51.693082,0.464578,0.331509,0.231089,-0.787951
1520621200837632862,28.895547,-49.832759,-51.696781,0.462903,0.341608,0.229701,-0.785024
1520621200887634862,28.889352,-49.850764,-51.713766,0.467722,0.348552,0.230436,-0.778875
1520621200937635862,28.877560,-49.862853,-51.729363,0.472894,0.353949,0.235030,-0.771914
1520621200987446704,28.869006,-49.873358,-51.742878,0.477115,0.361301,0.242452,-0.763570
1520621201037447704,28.861339,-49.885585,-51.758839,0.478582,0.368301,0.250695,-0.756614
1520621201087449704,28.852452,-49.899937,-51.779768,0.477261,0.372936,0.258508,-0.752538
1520621201137450704,28.841103,-49.917480,-51.802900,0.470959,0.378882,0.265137,-0.751231
1520621201187452704,28.827414,-49.928720,-51.829559,0.457702,0.384844,0.270153,-0.754600
