7.900000
8.700000
9.400000
10.400000
11.500000
12.600000
13.600000
14.600000
15.500000
16.300000
17.200000
18.100000
19.300000
20.400000
21.500000
22.500000
23.600000
24.700000
25.900000
27.100000
28.300000
29.600000
31.000000
32.400000
33.700000
35.200000
36.400000
37.300000
38.400000
39.400000
40.500000
41.700000
42.800000
43.900000
45.100000
46.200000
47.500000
48.600000
49.800000
51.100000
52.200000
52.500000
53.500000
54.600000
55.500000
56.400000
57.200000
57.900000
58.800000
59.600000
60.400000
61.200000
62.000000
62.800000
63.600000
64.300000
65.000000
65.700000
66.500000
67.200000
67.900000
68.500000
69.300000
69.800000
70.400000
70.900000
71.500000
72.100000
72.600000
73.200000
73.800000
74.300000
74.800000
75.500000
76.100000
76.600000
77.100000
77.500000
78.000000
78.700000
79.100000
79.600000
80.000000
80.400000
80.900000
81.300000
81.900000
81.700000
82.000000
82.400000
82.800000
83.200000
83.700000
84.000000
84.400000
84.700000
85.000000
85.300000
85.700000
85.900000
86.300000
86.600000
86.800000
87.100000
87.400000
87.700000
88.100000
88.400000
88.700000
89.000000
89.200000
89.400000
89.700000
89.900000
90.200000
90.400000
90.600000
90.800000
91.000000
91.200000
91.400000
91.600000
91.800000
91.900000
92.100000
92.300000
92.500000
92.500000
92.500000
92.600000
