0.000000
51.000000
27.500000
19.900000
19.900000
20.400000
22.400000
23.800000
25.100000
26.900000
28.800000
30.200000
31.500000
32.700000
34.200000
35.400000
36.800000
37.900000
38.900000
39.900000
40.800000
41.700000
42.700000
43.500000
44.700000
45.900000
47.100000
48.600000
49.800000
51.000000
52.300000
53.600000
54.900000
56.400000
57.900000
59.300000
60.700000
61.900000
63.200000
64.300000
65.400000
66.400000
67.400000
67.200000
67.600000
68.400000
69.200000
70.100000
71.000000
72.000000
72.800000
73.700000
74.600000
75.500000
76.400000
77.300000
78.200000
79.000000
79.700000
80.400000
81.000000
81.800000
82.300000
82.900000
83.400000
83.900000
84.400000
85.000000
85.500000
86.000000
86.400000
86.800000
87.200000
87.600000
88.100000
88.500000
89.200000
89.600000
90.000000
90.300000
90.700000
91.000000
91.400000
91.800000
92.200000
92.600000
92.900000
93.300000
93.700000
93.400000
93.400000
93.900000
94.400000
94.800000
95.100000
95.300000
95.300000
95.500000
95.800000
96.100000
96.400000
96.600000
96.800000
97.000000
97.200000
97.300000
97.500000
97.600000
97.900000
98.200000
98.300000
98.400000
98.600000
98.900000
99.100000
99.300000
99.500000
99.700000
99.900000
100.100000
100.300000
100.500000
100.700000
100.900000
101.000000
101.100000
101.400000
101.500000
101.800000
101.900000
102.100000
102.400000
102.600000
102.900000
103.000000
103.100000
102.500000
102.600000
102.900000
103.100000
103.200000
103.400000
103.600000
103.800000
103.900000
104.000000
104.200000
104.300000
104.500000
104.600000
104.600000
104.700000
104.800000
104.900000
105.000000
105.100000
105.200000
105.300000
105.400000
105.400000
105.500000
105.600000
105.800000
105.900000
106.000000
106.100000
106.200000
106.300000
106.400000
106.500000
106.700000
106.800000
106.900000
107.000000
107.100000
107.200000
107.200000
107.400000
107.500000
107.600000
107.700000
107.800000
108.000000
107.500000
107.700000
107.900000
108.100000
108.300000
108.500000
108.600000
108.700000
108.900000
109.100000
109.300000
109.500000
109.700000
109.900000
110.100000
110.400000
110.600000
110.800000
111.000000
111.000000
111.200000
111.400000
111.700000
111.900000
111.900000
112.100000
112.300000
112.600000
112.800000
113.000000
113.100000
113.300000
113.500000
113.700000
113.900000
114.000000
114.200000
114.300000
114.300000
114.500000
114.700000
114.800000
114.900000
115.100000
115.300000
115.300000
115.400000
115.000000
115.000000
115.100000
115.200000
115.200000
115.400000
115.500000
115.600000
115.700000
115.800000
115.900000
116.100000
116.100000
116.200000
116.200000
116.400000
116.500000
116.500000
116.600000
116.600000
116.800000
116.900000
117.000000
117.100000
117.300000
117.300000
117.500000
117.600000
117.700000
117.800000
118.000000
118.200000
118.200000
118.400000
118.500000
118.700000
118.800000
119.000000
119.000000
119.200000
119.300000
119.500000
119.600000
119.800000
119.900000
119.600000
119.700000
119.800000
119.900000
120.000000
120.200000
120.200000
120.400000
120.400000
120.600000
120.700000
120.800000
120.900000
121.000000
121.100000
121.200000
121.300000
121.400000
121.500000
121.600000
121.700000
121.900000
121.900000
122.000000
122.000000
122.100000
122.100000
122.200000
122.300000
122.300000
122.400000
122.400000
122.500000
122.500000
122.600000
122.700000
122.600000
122.700000
122.700000
122.700000
122.800000
122.800000
122.800000
122.900000
122.900000
123.100000
123.100000
122.900000
122.800000
122.900000
123.000000
123.000000
123.000000
123.200000
123.200000
123.400000
123.400000
123.400000
123.500000
123.600000
123.600000
123.700000
123.700000
123.900000
123.900000
123.900000
124.000000
124.100000
124.100000
124.200000
124.200000
124.200000
124.300000
124.400000
124.400000
124.600000
124.600000
124.700000
124.800000
124.800000
124.900000
125.000000
125.000000
125.000000
125.100000
125.100000
125.100000
125.200000
125.300000
125.300000
125.500000
125.500000
125.600000
125.700000
125.500000
125.500000
125.500000
125.700000
125.700000
125.800000
125.800000
125.900000
126.000000
126.000000
126.200000
126.200000
126.200000
126.300000
126.300000
126.400000
126.500000
126.500000
126.500000
126.600000
126.700000
126.800000
126.800000
126.900000
127.000000
127.000000
127.100000
127.000000
127.000000
127.000000
127.000000
127.100000
127.100000
127.100000
127.100000
127.200000
127.200000
127.200000
127.200000
127.300000
127.300000
127.300000
127.300000
127.300000
127.400000
127.400000
127.300000
127.100000
127.000000
127.000000
127.100000
127.100000
127.100000
127.200000
127.300000
127.200000
127.200000
127.300000
127.400000
127.400000
127.400000
127.400000
127.300000
127.400000
127.400000
127.400000
127.400000
127.400000
127.500000
127.500000
127.500000
127.500000
127.600000
127.600000
127.600000
127.500000
127.500000
127.600000
127.600000
127.500000
127.500000
127.500000
127.600000
127.600000
127.500000
127.500000
127.500000
127.500000
127.600000
127.500000
127.500000
127.500000
127.500000
127.300000
127.200000
127.200000
127.200000
127.200000
127.200000
127.200000
127.200000
127.100000
127.100000
127.100000
127.100000
127.100000
127.100000
127.000000
127.000000
127.100000
127.000000
127.000000
127.000000
127.000000
127.000000
127.000000
127.000000
127.000000
127.000000
127.100000
127.100000
127.100000
127.100000
127.000000
127.000000
127.100000
127.100000
127.100000
127.100000
127.100000
127.000000
127.100000
127.100000
127.100000
127.100000
127.100000
127.100000
127.100000
127.100000
127.100000
126.800000
126.900000
126.900000
126.900000
126.900000
126.900000
127.000000
127.000000
127.000000
126.900000
126.900000
126.900000
127.000000
127.000000
127.000000
126.900000
126.900000
126.900000
127.000000
127.000000
127.000000
127.000000
127.000000
127.000000
127.100000
127.100000
127.100000
127.100000
127.200000
127.200000
127.200000
127.200000
127.200000
127.200000
127.200000
127.200000
127.300000
127.300000
127.300000
127.300000
127.300000
127.300000
127.300000
127.400000
127.400000
127.400000
127.100000
127.200000
127.200000
127.200000
127.200000
127.200000
127.200000
127.200000
127.300000
127.300000
127.300000
127.300000
127.300000
127.300000
127.300000
127.400000
127.400000
127.400000
127.400000
127.300000
127.300000
127.400000
127.400000
127.500000
127.500000
127.500000
127.500000
127.500000
127.500000
127.600000
127.600000
127.600000
127.600000
127.600000
127.600000
127.500000
127.600000
127.600000
127.600000
127.600000
127.600000
127.600000
127.700000
127.800000
127.800000
127.800000
127.800000
127.700000
127.600000
127.600000
127.600000
127.600000
127.600000
127.500000
127.600000
127.600000
127.600000
127.600000
127.600000
127.600000
127.600000
127.600000
127.700000
127.700000
127.700000
127.700000
127.700000
127.700000
127.700000
127.800000
127.800000
127.800000
127.800000
127.800000
127.800000
127.800000
127.800000
127.800000
127.800000
127.800000
127.800000
127.800000
127.800000
127.800000
127.900000
127.900000
127.800000
127.800000
127.800000
127.800000
127.800000
127.900000
127.900000
127.900000
127.600000
127.700000
127.700000
127.700000
127.700000
127.700000
127.700000
127.600000
127.700000
127.700000
127.700000
127.700000
127.700000
127.700000
127.700000
127.800000
127.800000
127.800000
127.800000
127.800000
127.700000
127.700000
127.700000
127.700000
127.800000
127.800000
127.800000
127.800000
127.800000
127.700000
127.700000
127.700000
127.800000
127.800000
127.800000
127.800000
127.800000
127.800000
127.800000
127.800000
127.700000
127.700000
127.600000
127.700000
127.600000
127.600000
127.500000
127.500000
127.300000
127.300000
127.200000
127.200000
127.100000
127.100000
127.100000
127.000000
127.000000
