1.000000
6.500000
4.600000
3.500000
2.800000
2.300000
2.700000
6.300000
9.300000
11.800000
13.900000
15.500000
16.600000
18.100000
19.400000
20.100000
21.300000
22.300000
23.300000
23.900000
24.500000
25.300000
26.200000
26.900000
27.100000
27.300000
27.600000
28.100000
28.400000
28.600000
28.900000
29.200000
29.400000
29.700000
30.000000
29.900000
30.100000
30.400000
30.500000
30.500000
30.400000
30.300000
30.300000
30.200000
30.300000
30.300000
30.400000
30.400000
30.500000
30.600000
30.700000
30.600000
30.600000
30.700000
30.900000
31.000000
31.100000
31.300000
31.500000
31.600000
31.000000
31.100000
31.200000
31.200000
31.200000
31.200000
31.300000
31.300000
31.400000
31.600000
31.800000
31.800000
31.800000
32.000000
32.100000
32.200000
32.400000
32.500000
32.600000
32.600000
32.500000
32.700000
32.800000
32.800000
32.800000
32.800000
32.800000
32.800000
32.800000
32.400000
32.500000
32.500000
32.600000
32.600000
32.500000
32.700000
32.700000
32.800000
32.900000
32.900000
33.000000
33.000000
33.100000
33.200000
33.300000
33.400000
33.400000
33.400000
33.300000
33.300000
33.300000
33.300000
33.300000
33.000000
33.100000
33.100000
33.100000
33.100000
33.100000
33.100000
33.000000
33.000000
33.000000
33.100000
33.200000
33.200000
33.300000
33.400000
33.500000
33.500000
33.500000
33.500000
33.600000
33.500000
33.500000
33.500000
33.500000
33.500000
33.500000
33.500000
33.500000
33.500000
33.600000
33.500000
33.500000
33.500000
33.500000
33.500000
33.500000
33.500000
33.500000
33.500000
33.500000
33.500000
33.500000
33.500000
33.500000
33.500000
33.600000
33.600000
33.600000
33.700000
33.700000
33.800000
33.800000
33.800000
33.900000
33.900000
33.900000
33.900000
34.000000
33.900000
33.900000
33.900000
33.900000
33.900000
33.700000
33.700000
33.700000
33.700000
33.700000
33.700000
33.800000
33.800000
33.800000
33.800000
33.800000
33.800000
33.800000
33.800000
33.800000
33.800000
33.800000
33.800000
33.800000
33.800000
33.800000
33.800000
33.800000
33.900000
33.800000
33.900000
33.900000
33.900000
33.900000
33.900000
33.800000
33.800000
33.800000
33.700000
33.700000
33.700000
33.700000
33.700000
33.800000
33.800000
33.800000
33.800000
33.800000
33.900000
33.900000
33.900000
33.900000
34.000000
34.000000
33.900000
33.900000
33.900000
34.000000
34.000000
34.000000
34.000000
34.100000
34.100000
34.100000
34.000000
34.100000
34.200000
34.200000
34.200000
34.200000
34.200000
34.200000
34.200000
34.200000
34.200000
34.200000
34.200000
34.200000
34.200000
34.200000
34.200000
34.200000
34.200000
34.300000
34.300000
34.300000
34.300000
34.300000
34.300000
34.400000
34.400000
34.300000
34.300000
34.300000
34.300000
34.300000
34.300000
34.200000
34.100000
34.100000
34.200000
34.200000
34.200000
34.200000
34.200000
34.200000
34.200000
34.300000
34.300000
34.300000
34.300000
34.200000
34.300000
34.300000
34.200000
34.200000
34.200000
34.200000
34.300000
34.200000
34.200000
34.200000
34.300000
34.100000
34.100000
34.200000
34.200000
34.200000
34.200000
34.200000
34.200000
34.200000
34.200000
34.100000
34.200000
34.100000
34.200000
34.200000
34.200000
34.200000
34.200000
34.200000
34.200000
34.200000
34.300000
34.300000
34.300000
34.300000
34.300000
34.300000
34.300000
34.300000
34.400000
34.400000
34.400000
34.400000
34.500000
34.500000
34.500000
34.500000
34.500000
34.600000
34.600000
34.600000
34.600000
34.600000
34.600000
34.600000
34.600000
34.700000
34.700000
34.700000
34.700000
34.700000
34.700000
34.700000
34.600000
34.600000
34.600000
34.600000
34.600000
34.600000
34.600000
34.500000
34.500000
34.500000
34.500000
34.500000
34.500000
34.500000
34.500000
34.500000
34.500000
34.500000
34.400000
34.400000
34.400000
34.400000
34.400000
34.400000
34.500000
34.500000
34.500000
34.500000
34.500000
34.500000
34.600000
34.600000
34.600000
34.600000
34.600000
34.600000
34.600000
34.700000
34.700000
34.700000
34.700000
34.700000
34.700000
34.700000
34.700000
34.700000
34.800000
34.800000
34.800000
34.900000
34.900000
34.900000
34.900000
34.900000
34.900000
34.900000
34.900000
34.900000
34.900000
34.900000
34.900000
34.900000
34.900000
34.900000
34.900000
34.900000
34.800000
34.800000
34.800000
34.800000
34.800000
34.800000
34.700000
34.700000
34.700000
34.700000
34.700000
34.700000
34.700000
34.700000
34.600000
34.600000
34.600000
34.600000
34.500000
34.500000
34.500000
34.500000
34.500000
34.500000
34.500000
34.500000
34.500000
34.500000
34.500000
34.500000
34.500000
34.500000
34.500000
34.500000
34.500000
34.500000
34.500000
34.500000
34.500000
34.500000
34.600000
34.600000
34.600000
34.700000
34.700000
34.700000
34.700000
34.800000
34.800000
34.800000
34.800000
34.900000
34.900000
34.900000
34.900000
34.900000
34.900000
34.900000
34.900000
34.900000
34.900000
34.900000
34.900000
34.900000
34.800000
34.800000
34.800000
34.800000
34.800000
34.800000
34.800000
34.800000
34.800000
34.700000
34.700000
34.700000
34.700000
34.600000
34.600000
34.600000
34.600000
34.500000
34.500000
34.500000
34.500000
34.500000
34.400000
34.400000
34.400000
34.400000
34.300000
34.300000
34.300000
34.300000
34.300000
34.200000
34.200000
34.100000
34.100000
34.100000
34.000000
34.000000
34.000000
33.900000
33.900000
34.000000
33.900000
33.900000
33.900000
33.900000
33.900000
33.800000
33.700000
33.500000
33.300000
33.200000
33.100000
33.100000
32.900000
32.800000
32.700000
32.600000
32.400000
32.300000
32.200000
32.100000
32.000000
31.900000
31.800000
31.800000
31.700000
31.600000
31.500000
31.400000
31.300000
31.200000
31.100000
31.000000
31.000000
30.900000
30.800000
30.800000
30.700000
30.700000
