1494876479.722598,0.000000,0.000000,0.000000,-0.707107,0.000000,0.000000,0.707107
1494876479.802064,0.000000,0.000000,0.000000,-0.707107,0.000000,0.000000,0.707107
1494876479.881512,0.000000,0.000000,0.000000,-0.707107,0.000000,0.000000,0.707107
1494876479.960942,0.000000,0.000000,0.000000,-0.707107,0.000000,0.000000,0.707107
1494876480.040372,0.000000,0.000000,0.000000,-0.707107,0.000000,0.000000,0.707107
1494876480.121824,0.000000,0.000000,0.000000,-0.707107,0.000000,0.000000,0.707107
1494876480.201273,0.000000,0.000000,0.000000,-0.707107,0.000000,0.000000,0.707107
1494876480.280680,0.000000,0.000000,0.000000,-0.707107,0.000000,0.000000,0.707107
1494876480.360119,0.000000,0.000000,0.000000,-0.707107,0.000000,0.000000,0.707107
1494876480.518966,0.000000,0.000000,0.000000,-0.707107,0.000000,0.000000,0.707107
1494876480.598366,0.000000,0.000000,0.000000,-0.707107,0.000000,0.000000,0.707107
1494876480.757210,0.000000,0.000000,0.000000,-0.707107,0.000000,0.000000,0.707107
1494876480.916059,0.000000,0.000000,0.000000,-0.707107,0.000000,0.000000,0.707107
1494876480.995492,0.000000,0.000000,0.000000,-0.707107,0.000000,0.000000,0.707107
1494876481.074888,0.000000,0.000000,0.000000,-0.707107,0.000000,0.000000,0.707107
1494876481.154304,0.000000,0.000000,0.000000,-0.707107,0.000000,0.000000,0.707107
1494876481.313120,0.000000,0.000000,0.000000,-0.707107,0.000000,0.000000,0.707107
1494876481.394549,0.000000,0.000000,0.000000,-0.707107,0.000000,0.000000,0.707107
1494876481.473955,0.000000,0.000000,0.000000,-0.707107,0.000000,0.000000,0.707107
1494876481.632766,0.000000,0.000000,0.000000,-0.707107,0.000000,0.000000,0.707107
1494876481.712214,0.000000,0.000000,0.000000,-0.707107,0.000000,0.000000,0.707107
1494876481.791631,0.000000,0.000000,0.000000,-0.707107,0.000000,0.000000,0.707107
1494876481.950496,0.000000,0.000000,0.000000,-0.707107,0.000000,0.000000,0.707107
1494876482.029902,0.000000,0.000000,0.000000,-0.707107,0.000000,0.000000,0.707107
1494876482.109326,0.000000,0.000000,0.000000,-0.707107,0.000000,0.000000,0.707107
1494876482.268185,0.000000,0.000000,0.000000,-0.707107,0.000000,0.000000,0.707107
1494876482.347609,0.000000,0.000000,0.000000,-0.707107,0.000000,0.000000,0.707107
1494876482.506446,0.000000,0.000000,0.000000,-0.707107,0.000000,0.000000,0.707107
1494876482.585893,0.000000,0.000000,0.000000,-0.707107,0.000000,0.000000,0.707107
1494876482.667378,0.000000,0.000000,0.000000,-0.707107,0.000000,0.000000,0.707107
1494876482.826228,0.000000,0.000000,0.000000,-0.707107,0.000000,0.000000,0.707107
1494876482.905655,0.000000,0.000000,0.000000,-0.707107,0.000000,0.000000,0.707107
1494876482.985049,0.000000,0.000000,0.000000,-0.707107,0.000000,0.000000,0.707107
1494876483.143852,0.000000,0.000000,0.000000,-0.707107,0.000000,0.000000,0.707107
1494876483.223281,0.000000,0.000000,0.000000,-0.707107,0.000000,0.000000,0.707107
1494876483.302696,0.000000,0.000000,0.000000,-0.707107,0.000000,0.000000,0.707107
1494876483.461545,0.000000,0.000000,0.000000,-0.707107,0.000000,0.000000,0.707107
1494876483.540960,0.000000,0.000000,0.000000,-0.707107,0.000000,0.000000,0.707107
1494876483.620404,0.000000,0.000000,0.000000,-0.707107,0.000000,0.000000,0.707107
1494876483.779228,0.000000,0.000000,0.000000,-0.707107,0.000000,0.000000,0.707107
1494876483.858651,0.000000,0.000000,0.000000,-0.707107,0.000000,0.000000,0.707107
1494876483.940096,0.000000,0.000000,0.000000,-0.707107,0.000000,0.000000,0.707107
1494876484.098953,0.000000,0.000000,0.000000,-0.707107,0.000000,0.000000,0.707107
1494876484.178478,0.000000,0.000000,0.000000,-0.707107,0.000000,0.000000,0.707107
1494876484.257987,0.000000,0.000000,0.000000,-0.707107,0.000000,0.000000,0.707107
1494876484.417031,0.000000,0.000000,0.000000,-0.707107,0.000000,0.000000,0.707107
1494876484.496533,0.000000,0.000000,0.000000,-0.707107,0.000000,0.000000,0.707107
1494876484.576059,0.000000,0.000000,0.000000,-0.707107,0.000000,0.000000,0.707107
1494876484.735063,0.000000,0.000000,0.000000,-0.707107,0.000000,0.000000,0.707107
1494876484.814592,0.000000,0.000000,0.000000,-0.707107,0.000000,0.000000,0.707107
1494876484.973634,0.000000,0.000000,0.000000,-0.707107,0.000000,0.000000,0.707107
1494876485.053154,0.000000,0.000000,0.000000,-0.707107,0.000000,0.000000,0.707107
1494876485.132662,0.000000,0.000000,0.000000,-0.707107,0.000000,0.000000,0.707107
1494876485.293755,0.000000,0.000000,0.000000,-0.707107,0.000000,0.000000,0.707107
1494876485.373258,0.000000,0.000000,0.000000,-0.707107,0.000000,0.000000,0.707107
1494876485.452739,0.000000,0.000000,0.000000,-0.707107,0.000000,0.000000,0.707107
1494876485.611766,0.000000,0.000000,0.000000,-0.707107,0.000000,0.000000,0.707107
1494876485.691273,0.000000,0.000000,0.000000,-0.707107,0.000000,0.000000,0.707107
1494876485.770786,0.000000,0.000000,0.000000,-0.707107,0.000000,0.000000,0.707107
1494876485.850294,0.000000,0.000000,0.000000,-0.707107,0.000000,0.000000,0.707107
1494876486.009343,0.000000,0.000000,0.000000,-0.707107,0.000000,0.000000,0.707107
1494876486.088840,0.000000,0.000000,0.000000,-0.707107,0.000000,0.000000,0.707107
1494876486.168364,0.000000,0.000000,0.000000,-0.707107,0.000000,0.000000,0.707107
1494876486.327431,0.000000,0.000000,0.000000,-0.707107,0.000000,0.000000,0.707107
1494876486.406956,0.000000,0.000000,0.000000,-0.707107,0.000000,0.000000,0.707107
1494876486.488516,0.000000,0.000000,0.000000,-0.707107,0.000000,0.000000,0.707107
1494876486.647493,-0.000313,-0.008325,0.001086,-0.602574,-0.010022,-0.006762,0.797971
1494876486.726979,0.001409,-0.007570,-0.000117,-0.600638,-0.007927,-0.021303,0.799198
1494876486.806495,0.005243,-0.004121,-0.001735,-0.606985,-0.000709,-0.028886,0.794188
1494876486.965561,0.011669,0.002063,-0.000188,-0.623349,0.018106,-0.029163,0.781190
1494876487.045048,0.013608,0.004509,-0.000265,-0.630400,0.020877,-0.032386,0.775314
1494876487.124569,0.013776,0.005302,-0.000083,-0.635309,0.018613,-0.038921,0.771052
1494876487.283432,0.012348,0.005558,-0.000505,-0.643089,0.012559,-0.045196,0.764353
1494876487.362817,0.012039,0.004922,-0.000428,-0.646988,0.008670,-0.045249,0.761107
1494876487.442173,0.012422,0.004138,0.000756,-0.649157,0.007858,-0.044893,0.759288
1494876487.600953,0.012959,0.004459,0.000957,-0.646940,0.013499,-0.043124,0.761200
1494876487.680348,0.013099,0.005579,0.000565,-0.647381,0.013704,-0.042719,0.760845
1494876487.761786,0.013215,0.006804,0.000488,-0.649331,0.009657,-0.045398,0.759088
1494876487.920533,0.014082,0.009158,0.001360,-0.652788,0.002663,-0.049009,0.755949
1494876487.999953,0.015464,0.010499,0.002607,-0.650973,0.004087,-0.049186,0.757495
1494876488.079327,0.016724,0.012310,0.002948,-0.646512,0.008035,-0.049938,0.761225
1494876488.238094,0.019463,0.017028,0.002806,-0.638659,0.011659,-0.053469,0.767541
1494876488.317499,0.020616,0.019369,0.002344,-0.635199,0.011766,-0.055593,0.770256
1494876488.396861,0.022381,0.021823,0.001462,-0.633491,0.011422,-0.058372,0.771461
1494876488.555677,0.027168,0.029532,0.001728,-0.631828,0.017336,-0.065963,0.772102
1494876488.635074,0.030153,0.034087,0.001360,-0.630250,0.022861,-0.067462,0.773118
1494876488.793835,0.035182,0.043701,-0.000439,-0.627174,0.032879,-0.075181,0.774545
1494876488.873224,0.038361,0.048671,-0.001944,-0.628190,0.037201,-0.077834,0.773263
1494876488.952619,0.040840,0.053901,-0.003037,-0.630242,0.040823,-0.078767,0.771313
1494876489.113442,0.044699,0.062143,-0.003350,-0.630596,0.041590,-0.076333,0.771228
1494876489.192824,0.046168,0.065059,-0.004461,-0.630110,0.038623,-0.076213,0.771791
1494876489.272228,0.047578,0.067535,-0.005617,-0.630562,0.036153,-0.076454,0.771517
1494876489.430991,0.050618,0.071634,-0.007173,-0.633603,0.039180,-0.074992,0.769017
1494876489.510402,0.051821,0.072821,-0.007819,-0.637338,0.042709,-0.075483,0.765688
1494876489.669165,0.051934,0.072909,-0.008819,-0.642244,0.045654,-0.079514,0.760997
1494876489.748515,0.051086,0.071491,-0.009111,-0.644403,0.044741,-0.080761,0.759092
1494876489.827916,0.049944,0.069328,-0.009350,-0.645723,0.042953,-0.081825,0.757959
1494876489.986703,0.046838,0.063009,-0.009202,-0.647538,0.038979,-0.087581,0.755980
1494876490.066115,0.044871,0.059685,-0.009038,-0.646926,0.038459,-0.089796,0.756270
1494876490.225039,0.041455,0.053374,-0.009268,-0.647406,0.038846,-0.091863,0.755591
1494876490.306591,0.039820,0.050591,-0.009076,-0.647971,0.038728,-0.092512,0.755034
1494876490.386068,0.038293,0.048153,-0.009115,-0.648139,0.037751,-0.093067,0.754871
1494876490.545055,0.035242,0.043600,-0.010010,-0.649850,0.034020,-0.094293,0.753423
1494876490.624548,0.033597,0.041412,-0.010895,-0.651524,0.030927,-0.094077,0.752137
1494876490.863081,0.030691,0.036707,-0.012579,-0.662875,0.023455,-0.090150,0.742913
1494876490.942589,0.029985,0.035623,-0.012890,-0.665249,0.022330,-0.089122,0.740947
1494876491.022100,0.029564,0.034740,-0.013093,-0.666457,0.022862,-0.087401,0.740050
1494876491.101618,0.029210,0.034213,-0.013714,-0.667888,0.024729,-0.084978,0.738981
1494876491.181099,0.029271,0.034110,-0.014059,-0.671564,0.027183,-0.083053,0.735776
1494876491.260633,0.029369,0.034323,-0.014143,-0.676338,0.029926,-0.081518,0.731455
1494876491.419668,0.029177,0.034789,-0.014146,-0.684075,0.029074,-0.076163,0.724841
1494876491.499178,0.028572,0.034390,-0.014120,-0.686419,0.022632,-0.072717,0.723207
1494876491.580676,0.027748,0.033501,-0.014006,-0.687955,0.012511,-0.068423,0.722413
1494876491.739717,0.026503,0.030993,-0.013181,-0.688240,-0.003720,-0.056770,0.723249
1494876491.819201,0.025680,0.030031,-0.013162,-0.687537,-0.008476,-0.049197,0.724431
1494876491.898718,0.026061,0.028974,-0.012762,-0.687939,-0.012159,-0.040321,0.724545
1494876492.057740,0.025299,0.027790,-0.011844,-0.688144,-0.021820,-0.025193,0.724809
1494876492.137238,0.025371,0.027337,-0.011722,-0.688911,-0.027659,-0.019290,0.724061
1494876492.216745,0.025485,0.027153,-0.011303,-0.689942,-0.031961,-0.015538,0.722992
1494876492.375751,0.026448,0.028102,-0.009914,-0.690552,-0.031188,-0.016352,0.722425
1494876492.455258,0.027346,0.029243,-0.009427,-0.690385,-0.024598,-0.019286,0.722766
1494876492.614249,0.031901,0.031941,-0.008174,-0.689999,-0.005676,-0.030479,0.723146
1494876492.693754,0.032807,0.034717,-0.007317,-0.690043,0.009073,-0.039372,0.722640
1494876492.773265,0.037707,0.036909,-0.006094,-0.688553,0.025423,-0.048178,0.723137
1494876492.934275,0.042464,0.043602,-0.005512,-0.684743,0.061431,-0.073607,0.722451
1494876493.013755,0.045315,0.045900,-0.005304,-0.683743,0.071646,-0.084472,0.721268
1494876493.093245,0.045504,0.048854,-0.006035,-0.682590,0.075588,-0.094494,0.720714
1494876493.252260,0.045909,0.051317,-0.007128,-0.687126,0.070032,-0.098233,0.716452
1494876493.331780,0.045984,0.051388,-0.006681,-0.690994,0.063268,-0.098333,0.713341
1494876493.490805,0.046016,0.050196,-0.002546,-0.693253,0.057380,-0.095104,0.712084
1494876493.570334,0.045764,0.049651,-0.000136,-0.691092,0.057586,-0.094242,0.714278
1494876493.649866,0.045317,0.049058,0.001706,-0.687307,0.057993,-0.094049,0.717914
1494876493.808937,0.044887,0.048909,0.005508,-0.683421,0.057052,-0.093725,0.721732
1494876493.888460,0.044941,0.049444,0.007495,-0.682579,0.056310,-0.092579,0.722734
1494876493.967995,0.045061,0.050138,0.009564,-0.682429,0.054556,-0.091650,0.723129
1494876494.129074,0.046631,0.052401,0.014817,-0.681050,0.052247,-0.092072,0.724544
1494876494.208571,0.047071,0.053764,0.017017,-0.679549,0.052044,-0.093290,0.725811
1494876494.288049,0.047224,0.054950,0.019088,-0.678296,0.050939,-0.094059,0.726961
1494876494.447072,0.047406,0.056661,0.023402,-0.676517,0.046856,-0.094103,0.728886
1494876494.526609,0.047574,0.057585,0.025300,-0.677176,0.046465,-0.093496,0.728376
1494876494.685714,0.048156,0.059789,0.028943,-0.678103,0.047121,-0.092481,0.727601
1494876494.765260,0.048390,0.061017,0.030524,-0.679197,0.047836,-0.090608,0.726769
1494876494.844774,0.048617,0.061976,0.032061,-0.678915,0.048582,-0.087653,0.727345
1494876495.003878,0.048924,0.063142,0.033457,-0.681323,0.053850,-0.082315,0.725344
1494876495.083441,0.049740,0.064542,0.035044,-0.687521,0.059410,-0.076325,0.719694
1494876495.162981,0.050122,0.065085,0.039196,-0.688936,0.062699,-0.073178,0.718388
1494876495.322038,0.049802,0.064204,0.040930,-0.682469,0.063604,-0.077040,0.724055
1494876495.403618,0.048512,0.063047,0.040903,-0.680731,0.062664,-0.079064,0.725553
1494876495.562710,0.045980,0.059986,0.042010,-0.681795,0.062243,-0.078290,0.724674
1494876495.642242,0.045080,0.058282,0.042680,-0.684546,0.061584,-0.077452,0.722223
1494876495.721773,0.044301,0.056454,0.043231,-0.687154,0.061413,-0.077462,0.719756
1494876495.880872,0.043669,0.053785,0.045273,-0.691071,0.063158,-0.078357,0.715746
1494876495.960435,0.043568,0.052806,0.046404,-0.690821,0.063971,-0.079432,0.715796
1494876496.040025,0.043390,0.051710,0.047238,-0.689662,0.063941,-0.081033,0.716736
1494876496.199178,0.043212,0.050006,0.049154,-0.688842,0.066398,-0.082928,0.717085
1494876496.278763,0.043308,0.049510,0.050194,-0.688123,0.068550,-0.082628,0.717608
1494876496.358362,0.043251,0.048911,0.050862,-0.686675,0.069566,-0.083249,0.718824
1494876496.517624,0.042444,0.047885,0.050817,-0.687908,0.066568,-0.085421,0.717673
1494876496.597248,0.042123,0.047504,0.050485,-0.690576,0.063705,-0.084935,0.715424
1494876496.678931,0.041752,0.047085,0.049961,-0.693887,0.060856,-0.084533,0.712511
1494876496.838215,0.040186,0.046138,0.048131,-0.701687,0.053249,-0.085405,0.705341
1494876496.917855,0.039141,0.045811,0.047162,-0.706495,0.048583,-0.084979,0.700916
1494876496.997483,0.037892,0.045412,0.046200,-0.711021,0.043528,-0.082700,0.696933
1494876497.156668,0.035127,0.043739,0.044487,-0.717402,0.031754,-0.074743,0.691910
1494876497.236253,0.033629,0.042427,0.043550,-0.719597,0.026209,-0.069970,0.690360
1494876497.395443,0.029629,0.040181,0.041941,-0.722687,0.017314,-0.060270,0.688325
1494876497.475014,0.028285,0.037895,0.041649,-0.723151,0.011328,-0.053911,0.688489
1494876497.554562,0.026275,0.035723,0.040951,-0.723578,0.004851,-0.048164,0.688543
1494876497.713746,0.021672,0.031950,0.039204,-0.725351,-0.004406,-0.036357,0.687405
1494876497.793334,0.019908,0.029659,0.038925,-0.727059,-0.006672,-0.028174,0.685964
1494876497.872935,0.017705,0.027963,0.038391,-0.728841,-0.005740,-0.018518,0.684408
1494876498.034109,0.012994,0.025201,0.037696,-0.732101,-0.004948,-0.001858,0.681175
1494876498.113701,0.010009,0.024360,0.037274,-0.731869,-0.009946,0.002079,0.681370
1494876498.193280,0.007196,0.023597,0.036849,-0.729559,-0.017747,0.004687,0.683672
1494876498.352461,0.000840,0.020150,0.034726,-0.721927,-0.036815,0.008807,0.690933
1494876498.432039,-0.001859,0.017928,0.033536,-0.718652,-0.048189,0.010813,0.693614
1494876498.591173,-0.007603,0.014583,0.031571,-0.714455,-0.067012,0.019018,0.696205
1494876498.670743,-0.009586,0.013733,0.031280,-0.712485,-0.071962,0.027281,0.697454
1494876498.750328,-0.011285,0.013252,0.031366,-0.708289,-0.074237,0.036696,0.701048
1494876498.909464,-0.015412,0.011815,0.030462,-0.699299,-0.080411,0.052083,0.708380
1494876498.989060,-0.017436,0.010204,0.029708,-0.694874,-0.084701,0.058100,0.711758
1494876499.068676,-0.019277,0.008328,0.028870,-0.692177,-0.093240,0.065126,0.712710
1494876499.229901,-0.022936,0.004227,0.025704,-0.690146,-0.117000,0.078909,0.709777
1494876499.309467,-0.024178,0.002143,0.024067,-0.690862,-0.130246,0.083025,0.706295
1494876499.389029,-0.025362,-0.000079,0.022345,-0.691738,-0.140832,0.087235,0.702891
1494876499.548175,-0.028371,-0.003239,0.018397,-0.696251,-0.154664,0.095761,0.694366
1494876499.627738,-0.029801,-0.003634,0.017591,-0.699974,-0.157056,0.100651,0.689376
1494876499.786904,-0.033385,-0.004227,0.015369,-0.698432,-0.164317,0.104652,0.688651
1494876499.866444,-0.034932,-0.005505,0.014607,-0.694566,-0.171352,0.109419,0.690105
1494876499.945998,-0.036590,-0.007102,0.014418,-0.690780,-0.178929,0.116986,0.690740
1494876500.105122,-0.038309,-0.008684,0.014341,-0.685258,-0.186027,0.134199,0.691235
1494876500.184718,-0.039862,-0.009048,0.014256,-0.684036,-0.190680,0.139754,0.690075
1494876500.264275,-0.041242,-0.009223,0.014330,-0.682224,-0.195255,0.145892,0.689319
1494876500.423457,-0.045173,-0.008869,0.013277,-0.679132,-0.203927,0.157777,0.687241
1494876500.505064,-0.045909,-0.007508,0.013356,-0.677988,-0.209545,0.163743,0.685282
1494876500.584629,-0.047445,-0.006615,0.013880,-0.675291,-0.214156,0.168710,0.685315
1494876500.664178,-0.048264,-0.005773,0.014205,-0.670740,-0.219290,0.174305,0.686759
1494876500.823306,-0.050447,-0.004280,0.014344,-0.666068,-0.228782,0.185391,0.685305
1494876500.902841,-0.051475,-0.003446,0.015208,-0.663717,-0.233027,0.190842,0.684659
1494876500.982413,-0.052169,-0.001845,0.016182,-0.659268,-0.236914,0.197613,0.685702
1494876501.141501,-0.055543,-0.000051,0.017551,-0.652591,-0.242426,0.210698,0.686266
1494876501.221021,-0.056556,0.001690,0.018167,-0.650632,-0.247177,0.216550,0.684608
1494876501.300577,-0.057677,0.003849,0.018924,-0.648444,-0.250398,0.221656,0.683878
1494876501.459666,-0.061973,0.007631,0.020514,-0.644678,-0.251092,0.232566,0.683561
1494876501.539221,-0.063430,0.010159,0.020869,-0.643498,-0.253013,0.237179,0.682379
1494876501.618736,-0.064881,0.012229,0.020988,-0.642226,-0.256955,0.240159,0.681060
1494876501.779874,-0.068987,0.014756,0.021738,-0.637802,-0.267384,0.247240,0.678666
1494876501.859399,-0.069544,0.016724,0.021911,-0.635112,-0.272545,0.252085,0.677351
1494876501.938959,-0.070276,0.018546,0.022110,-0.632940,-0.276193,0.256588,0.676215
1494876502.097999,-0.073984,0.021892,0.022970,-0.629528,-0.280860,0.263787,0.674706
1494876502.177538,-0.074666,0.023685,0.023019,-0.627649,-0.282160,0.270142,0.673399
1494876502.257107,-0.075500,0.025555,0.023194,-0.625963,-0.283574,0.274701,0.672529
1494876502.416214,-0.078664,0.029052,0.023069,-0.623061,-0.288008,0.277923,0.672016
1494876502.495779,-0.079611,0.031140,0.022784,-0.621848,-0.291146,0.280428,0.670745
1494876502.575299,-0.080056,0.033139,0.022491,-0.620885,-0.293606,0.283950,0.669081
1494876502.734409,-0.083052,0.036861,0.021913,-0.621280,-0.295781,0.290313,0.665013
1494876502.813981,-0.083157,0.038824,0.021772,-0.622152,-0.296497,0.293999,0.662255
1494876502.893539,-0.083688,0.040664,0.021778,-0.622869,-0.297031,0.296101,0.660402
1494876503.054689,-0.087526,0.044512,0.020841,-0.622511,-0.301376,0.297875,0.657969
1494876503.134275,-0.087858,0.046412,0.020639,-0.621926,-0.305253,0.299517,0.655987
1494876503.213836,-0.089159,0.048217,0.020359,-0.621307,-0.308393,0.300855,0.654490
1494876503.372912,-0.092780,0.051716,0.020098,-0.619984,-0.314358,0.304906,0.651023
1494876503.452490,-0.093740,0.053439,0.020233,-0.619396,-0.316592,0.308166,0.648962
1494876503.532043,-0.094802,0.055148,0.020367,-0.619218,-0.318288,0.311303,0.646802
1494876503.691069,-0.097952,0.058114,0.019979,-0.619724,-0.320927,0.315202,0.643114
1494876503.770620,-0.099317,0.059761,0.020168,-0.619077,-0.323785,0.316778,0.641528
1494876503.850134,-0.100244,0.060970,0.020397,-0.616503,-0.328413,0.317919,0.641090
1494876503.929635,-0.101187,0.062196,0.020523,-0.613176,-0.333560,0.319526,0.640825
1494876504.088689,-0.103178,0.064455,0.020531,-0.609837,-0.337627,0.324530,0.639365
1494876504.168243,-0.103880,0.065636,0.020795,-0.609523,-0.338096,0.325930,0.638703
1494876504.247780,-0.104879,0.066618,0.020910,-0.609419,-0.340167,0.326898,0.637207
1494876504.408860,-0.106693,0.068322,0.021129,-0.607862,-0.349301,0.329507,0.632391
1494876504.488401,-0.107510,0.069465,0.021425,-0.606139,-0.354558,0.332003,0.629808
1494876504.567946,-0.108316,0.070487,0.021687,-0.604908,-0.357982,0.335275,0.627316
1494876504.727094,-0.110580,0.072328,0.022298,-0.602333,-0.361658,0.342357,0.623851
1494876504.806634,-0.111420,0.073098,0.022496,-0.599804,-0.364032,0.346107,0.622836
1494876504.886205,-0.112156,0.073868,0.022613,-0.596959,-0.367180,0.349835,0.621639
1494876505.045377,-0.114575,0.075784,0.023022,-0.593226,-0.371138,0.355910,0.619409
1494876505.124962,-0.115440,0.076780,0.023206,-0.590911,-0.373703,0.358909,0.618348
1494876505.204542,-0.116051,0.077710,0.023298,-0.588249,-0.377135,0.361704,0.617174
1494876505.363650,-0.118440,0.079471,0.023434,-0.585544,-0.382322,0.364923,0.614653
1494876505.443217,-0.118922,0.080431,0.023606,-0.584018,-0.384523,0.367691,0.613081
1494876505.522788,-0.119269,0.081233,0.023590,-0.583311,-0.385042,0.370711,0.611608
1494876505.683939,-0.121253,0.082709,0.023576,-0.584954,-0.388198,0.373607,0.606258
1494876505.763483,-0.122017,0.083445,0.023511,-0.584930,-0.391722,0.375392,0.602903
1494876505.843060,-0.122620,0.084176,0.023593,-0.584742,-0.395423,0.377004,0.599655
1494876506.002161,-0.124453,0.085430,0.023741,-0.584651,-0.400502,0.380622,0.594061
1494876506.081718,-0.124994,0.086088,0.023901,-0.583836,-0.402709,0.384645,0.590770
1494876506.161292,-0.125598,0.086682,0.024051,-0.582279,-0.405033,0.388830,0.587971
1494876506.320393,-0.127331,0.087697,0.024277,-0.579284,-0.409317,0.394994,0.583840
1494876506.399990,-0.127789,0.088359,0.024466,-0.577692,-0.411750,0.398770,0.581134
1494876506.559084,-0.129169,0.089293,0.024561,-0.573613,-0.416314,0.404336,0.578068
1494876506.638633,-0.129665,0.089913,0.024636,-0.570402,-0.419749,0.407215,0.576739
1494876506.718157,-0.130260,0.090413,0.024684,-0.567068,-0.422834,0.410186,0.575667
1494876506.879325,-0.131443,0.091498,0.024547,-0.563727,-0.426731,0.415931,0.571938
1494876506.958869,-0.131856,0.092087,0.024535,-0.563589,-0.427421,0.418757,0.569492
1494876507.038444,-0.132290,0.092583,0.024511,-0.564218,-0.427253,0.421516,0.566954
1494876507.197548,-0.133645,0.093480,0.024309,-0.566855,-0.428878,0.423598,0.561519
1494876507.277063,-0.134153,0.094040,0.024316,-0.567787,-0.431569,0.424116,0.558115
1494876507.356629,-0.134631,0.094576,0.024310,-0.568211,-0.433840,0.424018,0.555993
1494876507.515738,-0.135975,0.095502,0.024270,-0.567038,-0.439106,0.421797,0.554744
1494876507.595310,-0.136536,0.096018,0.024361,-0.565654,-0.441256,0.421801,0.554448
1494876507.674855,-0.137056,0.096476,0.024518,-0.563645,-0.442968,0.422310,0.554742
1494876507.754433,-0.137549,0.096885,0.024493,-0.560695,-0.445499,0.422748,0.555370
1494876507.913581,-0.138870,0.097697,0.024568,-0.558685,-0.448521,0.424950,0.553280
1494876507.993158,-0.139327,0.098143,0.024774,-0.557733,-0.448597,0.426817,0.552740
1494876508.072685,-0.139834,0.098424,0.024810,-0.555704,-0.449828,0.427629,0.553156
1494876508.233893,-0.140766,0.098794,0.024759,-0.550536,-0.456916,0.427494,0.552618
1494876508.313445,-0.141250,0.099191,0.024839,-0.547632,-0.460344,0.428000,0.552267
1494876508.392992,-0.141814,0.099801,0.024881,-0.544957,-0.463458,0.428638,0.551813
1494876508.472547,-0.142420,0.100433,0.024966,-0.543640,-0.465000,0.429385,0.551234
1494876508.631722,-0.143341,0.101138,0.025041,-0.542553,-0.465123,0.429923,0.551782
1494876508.711285,-0.143871,0.101645,0.025110,-0.542000,-0.465757,0.429986,0.551742
1494876508.790828,-0.144377,0.102071,0.025179,-0.541335,-0.466692,0.429892,0.551677
1494876508.950042,-0.145228,0.102623,0.025347,-0.539207,-0.468243,0.428727,0.553351
1494876509.029594,-0.145652,0.102988,0.025390,-0.537779,-0.468593,0.429270,0.554022
1494876509.109174,-0.146076,0.103312,0.025476,-0.536499,-0.467851,0.431062,0.554500
1494876509.268319,-0.147184,0.103932,0.025550,-0.535836,-0.465990,0.434297,0.554184
1494876509.347903,-0.147680,0.104259,0.025538,-0.536784,-0.467059,0.435197,0.551654
1494876509.429466,-0.148264,0.104657,0.025469,-0.538834,-0.468948,0.434169,0.548856
1494876509.588593,-0.149290,0.104876,0.025488,-0.539003,-0.475134,0.432678,0.544530
1494876509.668154,-0.149603,0.105118,0.025513,-0.535484,-0.475750,0.438397,0.542888
1494876509.747727,-0.149913,0.105450,0.025518,-0.532796,-0.473059,0.447213,0.540689
1494876509.906888,-0.150851,0.106053,0.025464,-0.533866,-0.468451,0.456265,0.536063
1494876509.986470,-0.151124,0.106368,0.025479,-0.535537,-0.468794,0.455426,0.534807
1494876510.066073,-0.151505,0.106784,0.025391,-0.537765,-0.469740,0.450194,0.536170
1494876510.225261,-0.152003,0.106868,0.025420,-0.534404,-0.473563,0.443394,0.541805
1494876510.304858,-0.152050,0.107097,0.025323,-0.529289,-0.473476,0.444135,0.546276
1494876510.384420,-0.152299,0.107373,0.025307,-0.526192,-0.473852,0.442480,0.550271
1494876510.543589,-0.153063,0.107861,0.025036,-0.526989,-0.476041,0.435520,0.553163
1494876510.623175,-0.153522,0.108198,0.025058,-0.530535,-0.475770,0.434323,0.550943
1494876510.704790,-0.153940,0.108519,0.025118,-0.533740,-0.476374,0.434205,0.547407
1494876510.863954,-0.154883,0.109160,0.025389,-0.535395,-0.477101,0.430693,0.547933
1494876510.943497,-0.155349,0.109300,0.025403,-0.530907,-0.479054,0.427930,0.552740
1494876511.023089,-0.155767,0.109532,0.025355,-0.524841,-0.483155,0.427253,0.555480
1494876511.182249,-0.156712,0.110035,0.025360,-0.519758,-0.488903,0.429757,0.553294
1494876511.261837,-0.157078,0.110260,0.025469,-0.518573,-0.490662,0.430913,0.551948
1494876511.341389,-0.157534,0.110520,0.025508,-0.516453,-0.491415,0.433091,0.551561
1494876511.500516,-0.158516,0.110966,0.025419,-0.513794,-0.493011,0.436276,0.550109
1494876511.580092,-0.159009,0.111363,0.025432,-0.514511,-0.493863,0.437233,0.547910
1494876511.659667,-0.159488,0.111747,0.025456,-0.516458,-0.494601,0.437593,0.545117
1494876511.818762,-0.160526,0.112281,0.025606,-0.518720,-0.497755,0.435287,0.541936
1494876511.898341,-0.160899,0.112659,0.025673,-0.517502,-0.497337,0.436766,0.542294
1494876511.979927,-0.161372,0.113081,0.025690,-0.516761,-0.495294,0.438171,0.543735
1494876512.139022,-0.162316,0.113674,0.025728,-0.518737,-0.494683,0.435827,0.544294
1494876512.218607,-0.162807,0.114036,0.025741,-0.519930,-0.496100,0.435111,0.542436
1494876512.298167,-0.163301,0.114401,0.025797,-0.520569,-0.497232,0.434757,0.541068
1494876512.457258,-0.164376,0.114952,0.026116,-0.519855,-0.495444,0.435029,0.543171
1494876512.536846,-0.164929,0.115288,0.026169,-0.519080,-0.493432,0.436317,0.544709
1494876512.616429,-0.165520,0.115601,0.026207,-0.518805,-0.492235,0.437888,0.544793
1494876512.775539,-0.166760,0.116132,0.026450,-0.519476,-0.491623,0.439883,0.543097
1494876512.855090,-0.167372,0.116462,0.026496,-0.519071,-0.490966,0.441207,0.543004
1494876512.934655,-0.167950,0.116759,0.026509,-0.518468,-0.490661,0.442512,0.542794
1494876513.093749,-0.169100,0.117268,0.026672,-0.519578,-0.490204,0.445668,0.539553
1494876513.173304,-0.169607,0.117671,0.026688,-0.520605,-0.490299,0.445721,0.538433
1494876513.334478,-0.170718,0.118240,0.026774,-0.519323,-0.493795,0.441457,0.539987
1494876513.414082,-0.171241,0.118622,0.026701,-0.518682,-0.496321,0.440033,0.539449
1494876513.493621,-0.171817,0.119057,0.026727,-0.519111,-0.496399,0.441082,0.538106
1494876513.652738,-0.172969,0.119585,0.026926,-0.521518,-0.492706,0.444549,0.536317
1494876513.732328,-0.173578,0.119861,0.026907,-0.522526,-0.490911,0.447951,0.534147
1494876513.811886,-0.174140,0.120137,0.026938,-0.522709,-0.489410,0.451969,0.531955
1494876513.971024,-0.175335,0.120445,0.026887,-0.521745,-0.489237,0.456529,0.529160
1494876514.050571,-0.175870,0.120691,0.026785,-0.521883,-0.490620,0.458658,0.525893
1494876514.130136,-0.176458,0.120964,0.026709,-0.522688,-0.492170,0.460696,0.521848
1494876514.289276,-0.177449,0.121204,0.026699,-0.523090,-0.493449,0.464955,0.516431
1494876514.368839,-0.177913,0.121379,0.026634,-0.521963,-0.494895,0.466809,0.514513
1494876514.448368,-0.178361,0.121618,0.026590,-0.520172,-0.496641,0.469110,0.512547
1494876514.609534,-0.179406,0.121885,0.026430,-0.517216,-0.498511,0.473461,0.509715
1494876514.689078,-0.179873,0.122204,0.026361,-0.516527,-0.498953,0.475741,0.507855
1494876514.768626,-0.180282,0.122431,0.026293,-0.515767,-0.499060,0.478325,0.506092
1494876514.927730,-0.181250,0.122778,0.026075,-0.514765,-0.500835,0.480329,0.503454
1494876515.007279,-0.181647,0.123055,0.025998,-0.514171,-0.502337,0.480297,0.502594
1494876515.166416,-0.182536,0.123365,0.025760,-0.511168,-0.505394,0.478740,0.504075
1494876515.245987,-0.182887,0.123608,0.025716,-0.507725,-0.508156,0.478292,0.505202
1494876515.325547,-0.183197,0.123834,0.025661,-0.504021,-0.510606,0.478192,0.506534
1494876515.405070,-0.183571,0.124051,0.025615,-0.500999,-0.512816,0.477267,0.508170
1494876515.564107,-0.184363,0.124363,0.025496,-0.495487,-0.513950,0.476695,0.512942
1494876515.643533,-0.184764,0.124593,0.025404,-0.493587,-0.513979,0.478030,0.513503
1494876515.804452,-0.186000,0.124972,0.025217,-0.494588,-0.515631,0.479002,0.509966
1494876515.883857,-0.186660,0.125280,0.025410,-0.496412,-0.515575,0.479796,0.507497
1494876515.963288,-0.187488,0.125618,0.025506,-0.497028,-0.515856,0.479620,0.506775
1494876516.122166,-0.189053,0.126103,0.025605,-0.495573,-0.516838,0.480097,0.506747
1494876516.201593,-0.189782,0.126540,0.025773,-0.493289,-0.516632,0.481879,0.507494
1494876516.281009,-0.190488,0.126942,0.025992,-0.491573,-0.515709,0.483439,0.508613
1494876516.439865,-0.192098,0.127459,0.026171,-0.491427,-0.516111,0.482433,0.509301
1494876516.519301,-0.192909,0.127861,0.026366,-0.490739,-0.516580,0.482891,0.509054
1494876516.598741,-0.193791,0.128336,0.026562,-0.490627,-0.515757,0.483926,0.509013
1494876516.678180,-0.194794,0.128795,0.026731,-0.490967,-0.515197,0.484108,0.509081
1494876516.837022,-0.196911,0.129356,0.027151,-0.491488,-0.515905,0.484271,0.507704
1494876516.916466,-0.197962,0.129707,0.027351,-0.490154,-0.517116,0.484707,0.507346
1494876516.995908,-0.198981,0.130050,0.027507,-0.487752,-0.518441,0.485461,0.507587
1494876517.156827,-0.200868,0.130383,0.028111,-0.483707,-0.519177,0.489229,0.507088
1494876517.236254,-0.201811,0.130728,0.028326,-0.481616,-0.519032,0.492377,0.506178
1494876517.315713,-0.202873,0.131093,0.028526,-0.479944,-0.519242,0.494798,0.505189
1494876517.474557,-0.205313,0.131451,0.028957,-0.476885,-0.522931,0.495784,0.503312
1494876517.553984,-0.206375,0.131906,0.029100,-0.475847,-0.525266,0.496936,0.500719
1494876517.633438,-0.207342,0.132391,0.029281,0.475666,0.526031,-0.498216,-0.498813
1494876517.792305,-0.209409,0.132995,0.029901,0.476243,0.525285,-0.499083,-0.498182
1494876517.871756,-0.210489,0.133447,0.030039,0.475168,0.526719,-0.498717,-0.498059
1494876517.951207,-0.211622,0.133871,0.030146,0.472766,0.528855,-0.498807,-0.497992
1494876518.110073,-0.214099,0.134529,0.030636,0.469857,0.530555,-0.500721,-0.497015
1494876518.189526,-0.215309,0.134999,0.030627,0.469802,0.530370,-0.503187,-0.494769
1494876518.350437,-0.217805,0.135514,0.030980,0.471077,0.530185,-0.508664,-0.488110
1494876518.429855,-0.219329,0.135934,0.030829,0.471282,0.531337,-0.511629,-0.483539
1494876518.509265,-0.221160,0.136412,0.030661,0.472065,0.533929,-0.513426,-0.477984
1494876518.668107,-0.224871,0.136840,0.030693,0.471309,0.540847,-0.514119,-0.470143
1494876518.747519,-0.226845,0.137383,0.030467,0.467188,0.545413,-0.515123,-0.467877
1494876518.826961,-0.228717,0.138082,0.030281,0.463080,0.549107,-0.517272,-0.465262
1494876518.985881,-0.232149,0.138855,0.030089,0.459353,0.551637,-0.521243,-0.461517
1494876519.065410,-0.235865,0.140518,0.029445,0.458636,0.554071,-0.521118,-0.459450
1494876519.144985,-0.242516,0.143446,0.028205,0.457910,0.557039,-0.520401,-0.457393
1494876519.304159,-0.254827,0.145938,0.027202,0.457168,0.564707,-0.516788,-0.452806
1494876519.383725,-0.261258,0.148500,0.026443,0.456437,0.567884,-0.516452,-0.449945
1494876519.463276,-0.287938,0.158601,0.022472,0.456333,0.569800,-0.516948,-0.447048
1494876519.624486,-0.339877,0.166954,0.025610,0.456482,0.572386,-0.519205,-0.440936
1494876519.704068,-0.368413,0.175018,0.025093,0.454592,0.572848,-0.522064,-0.438909
1494876519.783682,-0.394169,0.183116,0.021788,0.452847,0.574888,-0.524192,-0.435496
1494876519.863245,-0.426807,0.190268,0.019960,0.452119,0.578302,-0.525185,-0.430506
1494876520.022405,-0.489371,0.197299,0.019454,0.450864,0.582185,-0.528809,-0.422071
1494876520.102013,-0.518699,0.208354,0.018497,0.450772,0.582905,-0.531045,-0.418351
1494876520.181577,-0.551325,0.218405,0.014295,0.450431,0.584121,-0.532338,-0.415368
1494876520.340756,-0.668051,0.240122,0.005789,0.449268,0.587149,-0.532638,-0.411960
1494876520.420301,-0.717389,0.264459,0.001245,0.450028,0.586814,-0.533567,-0.410404
1494876520.499882,-0.774339,0.285341,-0.004852,0.450844,0.586319,-0.533813,-0.409895
1494876520.659036,-1.279618,0.395202,-0.075161,0.451184,0.589686,-0.529543,-0.410229
1494876520.738610,-1.538557,0.493014,-0.103225,0.451049,0.592210,-0.527180,-0.409786
1494876520.818187,-1.895411,0.622584,-0.120852,0.450843,0.593481,-0.525952,-0.409751
1494876520.979315,-1.895411,0.622584,-0.120852,0.450639,0.594110,-0.523789,-0.411828
1494876521.058846,-1.895411,0.622584,-0.120852,0.450048,0.594860,-0.523479,-0.411787
1494876521.138375,-1.895411,0.622584,-0.120852,0.448825,0.595789,-0.524643,-0.410294
1494876521.217912,-1.895411,0.622584,-0.120852,0.447323,0.596337,-0.527138,-0.407933
1494876521.377035,-1.895411,0.622584,-0.120852,0.446831,0.596632,-0.531183,-0.402762
1494876521.456588,-1.895411,0.622584,-0.120852,0.446929,0.598645,-0.531757,-0.398888
1494876521.536160,-1.895411,0.622584,-0.120852,0.446159,0.600779,-0.532845,-0.395074
1494876521.695287,-1.895411,0.622584,-0.120852,0.442397,0.601980,-0.536743,-0.392189
1494876521.774858,-1.895411,0.622584,-0.120852,0.439375,0.601511,-0.539886,-0.391992
1494876521.854413,-1.895411,0.622584,-0.120852,0.436115,0.600650,-0.542511,-0.393326
1494876522.013583,-1.895411,0.622584,-0.120852,0.430756,0.600355,-0.544937,-0.396317
1494876522.093165,-1.895411,0.622584,-0.120852,0.427261,0.601400,-0.546393,-0.396510
1494876522.174775,-1.895411,0.622584,-0.120852,0.424227,0.602414,-0.547733,-0.396379
1494876522.333895,-1.895411,0.622584,-0.120852,0.422981,0.601686,-0.549737,-0.396044
1494876522.413453,-1.895411,0.622584,-0.120852,0.421621,0.601396,-0.551110,-0.396026
1494876522.572618,-1.895411,0.622584,-0.120852,0.420952,0.599055,-0.553044,-0.397587
1494876522.652198,-1.895411,0.622584,-0.120852,0.420405,0.599430,-0.554854,-0.395070
1494876522.731791,-1.895411,0.622584,-0.120852,0.419901,0.600245,-0.556222,-0.392436
1494876522.890894,-1.895411,0.622584,-0.120852,0.419403,0.600930,-0.558857,-0.388153
1494876522.970528,-1.895411,0.622584,-0.120852,0.418428,0.601961,-0.560689,-0.384953
1494876523.050116,-1.895411,0.622584,-0.120852,0.417963,0.602882,-0.562325,-0.381616
1494876523.209243,-1.895411,0.622584,-0.120852,0.417663,0.604056,-0.564646,-0.376627
1494876523.288821,-1.895411,0.622584,-0.120852,0.415758,0.604711,-0.566785,-0.374466
1494876523.368414,-1.895411,0.622584,-0.120852,0.414366,0.605106,-0.568706,-0.372453
1494876523.529602,-1.895411,0.622584,-0.120852,0.415305,0.604465,-0.570593,-0.369550
1494876523.609154,-1.895411,0.622584,-0.120852,0.414326,0.605464,-0.571253,-0.367991
1494876523.688746,-1.895411,0.622584,-0.120852,0.412693,0.607410,-0.571229,-0.366655
1494876523.847868,-1.895411,0.622584,-0.120852,0.406958,0.611100,-0.571181,-0.367007
1494876523.927447,-1.895411,0.622584,-0.120852,0.403290,0.612578,-0.571649,-0.367862
1494876524.006960,-1.895411,0.622584,-0.120852,0.400912,0.613662,-0.571554,-0.368802
1494876524.086445,-1.895411,0.622584,-0.120852,0.397655,0.615478,-0.571152,-0.369922
1494876524.245395,-1.895411,0.622584,-0.120852,0.390955,0.618070,-0.570794,-0.373279
1494876524.324944,-1.895411,0.622584,-0.120852,0.388530,0.618158,-0.571360,-0.374797
1494876524.404543,-1.895411,0.622584,-0.120852,0.387484,0.617501,-0.572043,-0.375919
1494876524.563701,-1.895411,0.622584,-0.120852,0.385652,0.619045,-0.570077,-0.378245
1494876524.643290,-1.895411,0.622584,-0.120852,0.383024,0.620146,-0.568946,-0.380803
1494876524.804438,-1.895411,0.622584,-0.120852,0.379553,0.621728,-0.567379,-0.384025
1494876524.883924,-1.895411,0.622584,-0.120852,0.377150,0.623220,-0.566473,-0.385309
1494876524.963397,-1.895411,0.622584,-0.120852,0.375202,0.623881,-0.566413,-0.386228
1494876525.042856,-1.895411,0.622584,-0.120852,0.373917,0.623325,-0.567520,-0.386747
1494876525.201742,-1.895411,0.622584,-0.120852,0.372880,0.619849,-0.571173,-0.387955
1494876525.281185,-1.895411,0.622584,-0.120852,0.370726,0.618384,-0.573953,-0.388255
1494876525.440107,-1.895411,0.622584,-0.120852,0.370270,0.615891,-0.577874,-0.386833
1494876525.519527,-1.895411,0.622584,-0.120852,0.370162,0.615002,-0.579215,-0.386344
1494876525.598996,-1.895411,0.622584,-0.120852,0.369840,0.613859,-0.580762,-0.386148
1494876525.757911,-1.895411,0.622584,-0.120852,0.371179,0.610970,-0.583409,-0.385455
1494876525.837371,-1.895411,0.622584,-0.120852,0.370154,0.609096,-0.584743,-0.387380
1494876525.916797,-1.895411,0.622584,-0.120852,0.367805,0.605775,-0.587778,-0.390222
1494876526.077979,-1.895411,0.622584,-0.120852,0.360152,0.599238,-0.595343,-0.395943
1494876526.157520,-1.895411,0.622584,-0.120852,0.355434,0.599684,-0.596212,-0.398217
1494876526.237059,-1.895411,0.622584,-0.120852,0.352044,0.600774,-0.597080,-0.398285
1494876526.396126,-1.895411,0.622584,-0.120852,-0.349874,-0.599217,0.600380,0.397581
1494876526.475597,-1.895411,0.622584,-0.120852,-0.348726,-0.597875,0.601890,0.398327
1494876526.555076,-1.895411,0.622584,-0.120852,-0.348424,-0.596860,0.603079,0.398315
1494876526.714108,-1.895411,0.622584,-0.120852,-0.351055,-0.596199,0.602740,0.397506
1494876526.793611,-1.895411,0.622584,-0.120852,-0.350624,-0.594827,0.603938,0.398123
1494876526.873090,-1.895411,0.622584,-0.120852,-0.349384,-0.592745,0.605983,0.399210
1494876527.032175,-1.895411,0.622584,-0.120852,-0.345207,-0.590467,0.608534,0.402327
1494876527.111701,-1.895411,0.622584,-0.120852,-0.343152,-0.590088,0.609392,0.403342
1494876527.191201,-1.895411,0.622584,-0.120852,-0.343166,-0.590130,0.608952,0.403933
1494876527.352221,-1.895411,0.622584,-0.120852,-0.347193,-0.587698,0.607184,0.406687
1494876527.431710,-1.895411,0.622584,-0.120852,-0.348757,-0.586729,0.606021,0.408481
1494876527.511205,-1.895411,0.622584,-0.120852,-0.350274,-0.587085,0.604011,0.409646
1494876527.670264,-1.895411,0.622584,-0.120852,-0.353261,-0.588170,0.599602,0.411995
1494876527.749780,-1.895411,0.622584,-0.120852,-0.354250,-0.588547,0.598100,0.412790
1494876527.908806,-1.895411,0.622584,-0.120852,-0.359895,-0.583353,0.597897,0.415566
1494876527.988332,-1.895411,0.622584,-0.120852,-0.362341,-0.580898,0.597905,0.416864
1494876528.067850,-1.895411,0.622584,-0.120852,-0.363866,-0.580247,0.597060,0.417654
1494876528.226857,-1.895411,0.622584,-0.120852,-0.366335,-0.580267,0.595875,0.417160
1494876528.306356,-1.895411,0.622584,-0.120852,-0.366089,-0.581003,0.595052,0.417525
1494876528.385865,-1.895411,0.622584,-0.120852,-0.364592,-0.581400,0.594836,0.418589
1494876528.546917,-1.895411,0.622584,-0.120852,-0.363516,-0.578785,0.597533,0.419307
1494876528.626412,-1.895411,0.622584,-0.120852,-0.363907,-0.578132,0.597964,0.419253
1494876528.705904,-1.895411,0.622584,-0.120852,-0.365224,-0.578135,0.598062,0.417963
1494876528.864948,-1.895411,0.622584,-0.120852,-0.368270,-0.579255,0.598028,0.413768
1494876528.944451,-1.895411,0.622584,-0.120852,-0.368797,-0.579498,0.598667,0.412029
1494876529.023954,-1.895411,0.622584,-0.120852,-0.370002,-0.579651,0.599544,0.409450
1494876529.182984,-1.895411,0.622584,-0.120852,-0.374802,-0.581468,0.597666,0.405234
1494876529.262499,-1.895411,0.622584,-0.120852,-0.378258,-0.582401,0.595455,0.403935
1494876529.342026,-1.895411,0.622584,-0.120852,-0.381645,-0.583903,0.593767,0.401057
1494876529.501064,-1.895411,0.622584,-0.120852,-0.381136,-0.587441,0.596196,0.392682
1494876529.580557,-1.895411,0.622584,-0.120852,-0.378498,-0.589046,0.598455,0.389379
1494876529.739582,-1.895411,0.622584,-0.120852,-0.375369,-0.590769,0.601162,0.385609
1494876529.821139,-1.895411,0.622584,-0.120852,-0.374859,-0.591326,0.602893,0.382538
1494876529.900646,-1.895411,0.622584,-0.120852,-0.374828,-0.592317,0.604172,0.379000
1494876529.980149,-1.895411,0.622584,-0.120852,-0.374744,-0.594351,0.603844,0.376412
1494876530.139185,-1.895411,0.622584,-0.120852,-0.374331,-0.598774,0.601481,0.373587
1494876530.218702,-1.895411,0.622584,-0.120852,-0.374085,-0.599383,0.601869,0.372228
1494876530.377747,-1.895411,0.622584,-0.120852,-0.374281,-0.599075,0.603357,0.370112
1494876530.457268,-1.895411,0.622584,-0.120852,-0.374073,-0.599307,0.603752,0.369303
1494876530.536741,-1.895411,0.622584,-0.120852,-0.374059,-0.598877,0.605140,0.367738
1494876530.695757,-1.895411,0.622584,-0.120852,-0.374339,-0.596277,0.607970,0.367011
1494876530.775288,-1.895411,0.622584,-0.120852,-0.374779,-0.595706,0.608281,0.366972
1494876530.854810,-1.895411,0.622584,-0.120852,-0.375614,-0.596195,0.607701,0.366286
1494876531.013818,-1.895411,0.622584,-0.120852,-0.375030,-0.599680,0.604808,0.365982
1494876531.095370,-1.895411,0.622584,-0.120852,-0.372182,-0.602524,0.603186,0.366894
1494876531.174874,-1.895411,0.622584,-0.120852,0.369536,0.604778,-0.602598,-0.366826
1494876531.333905,-1.895411,0.622584,-0.120852,0.365240,0.607712,-0.602147,-0.367020
1494876531.413415,-1.895411,0.622584,-0.120852,0.363857,0.610061,-0.601089,-0.366232
1494876531.572477,-1.895411,0.622584,-0.120852,0.361112,0.614190,-0.600437,-0.363104
1494876531.652003,-1.895411,0.622584,-0.120852,0.359832,0.615184,-0.600713,-0.362233
1494876531.731534,-1.895411,0.622584,-0.120852,0.359035,0.616171,-0.601068,-0.360754
1494876531.890547,-1.895411,0.622584,-0.120852,0.358522,0.617740,-0.601349,-0.358103
1494876531.970077,-1.895411,0.622584,-0.120852,0.357825,0.619003,-0.601264,-0.356759
1494876532.049615,-1.895411,0.622584,-0.120852,0.356843,0.619211,-0.601605,-0.356808
1494876532.208675,-1.895411,0.622584,-0.120852,0.352002,0.620464,-0.603035,-0.357026
1494876532.288174,-1.895411,0.622584,-0.120852,0.348628,0.622982,-0.602270,-0.357243
1494876532.369740,-1.895411,0.622584,-0.120852,0.345728,0.624459,-0.601614,-0.358584
1494876532.528770,-1.895411,0.622584,-0.120852,0.339877,0.627513,-0.600946,-0.359965
1494876532.608268,-1.895411,0.622584,-0.120852,0.337662,0.629460,-0.600287,-0.359749
1494876532.687775,-1.895411,0.622584,-0.120852,0.336345,0.630723,-0.599134,-0.360693
1494876532.846826,-1.895411,0.622584,-0.120852,0.331357,0.633561,-0.598741,-0.360988
1494876532.926320,-1.895411,0.622584,-0.120852,0.326962,0.635431,-0.600492,-0.358793
1494876533.085371,-1.895411,0.622584,-0.120852,0.317710,0.641663,-0.600736,-0.355592
1494876533.164882,-1.895411,0.622584,-0.120852,0.313223,0.646761,-0.598329,-0.354392
1494876533.244370,-1.895411,0.622584,-0.120852,0.312096,0.651616,-0.595754,-0.350813
1494876533.403466,-1.895411,0.622584,-0.120852,0.316240,0.657230,-0.592320,-0.342341
1494876533.483037,-1.895411,0.622584,-0.120852,0.318935,0.656065,-0.594124,-0.338933
1494876533.562598,-1.895411,0.622584,-0.120852,0.321466,0.654246,-0.596389,-0.336069
1494876533.723748,-1.895411,0.622584,-0.120852,0.326779,0.653168,-0.594253,-0.336823
1494876533.803306,-1.895411,0.622584,-0.120852,0.327446,0.654049,-0.592498,-0.337558
1494876533.882852,-1.895411,0.622584,-0.120852,0.327562,0.654395,-0.591151,-0.339133
1494876534.041977,-1.895411,0.622584,-0.120852,0.329649,0.652161,-0.591148,-0.341411
1494876534.121519,-1.895411,0.622584,-0.120852,0.330442,0.650629,-0.592628,-0.341000
1494876534.280616,-1.895411,0.622584,-0.120852,0.330769,0.650294,-0.593878,-0.339144
1494876534.360173,-1.895411,0.622584,-0.120852,0.330291,0.651725,-0.593915,-0.336790
1494876534.439738,-1.895411,0.622584,-0.120852,0.329246,0.653267,-0.594056,-0.334570
1494876534.598827,-1.895411,0.622584,-0.120852,0.326905,0.656438,-0.592479,-0.333454
1494876534.678388,-1.895411,0.622584,-0.120852,0.326600,0.658285,-0.592110,-0.330756
1494876534.757949,-1.895411,0.622584,-0.120852,0.325163,0.659100,-0.593363,-0.328291
1494876534.919077,-1.895411,0.622584,-0.120852,0.323732,0.656784,-0.596487,-0.328688
1494876534.998625,-1.895411,0.622584,-0.120852,0.325804,0.657458,-0.594797,-0.328355
1494876535.078181,-1.895411,0.622584,-0.120852,0.326235,0.658755,-0.593421,-0.327816
1494876535.157753,-1.895411,0.622584,-0.120852,0.325641,0.658225,-0.593981,-0.328459
1494876535.316839,-1.895411,0.622584,-0.120852,0.327206,0.653641,-0.595623,-0.333052
1494876535.396396,-1.895411,0.622584,-0.120852,0.329789,0.651020,-0.596592,-0.333900
1494876535.555525,-1.895411,0.622584,-0.120852,0.334712,0.646489,-0.596628,-0.337722
1494876535.635073,-1.895411,0.622584,-0.120852,0.333698,0.645003,-0.596805,-0.341235
1494876535.714643,-1.895411,0.622584,-0.120852,0.331211,0.645055,-0.595967,-0.345002
1494876535.873785,-1.895411,0.622584,-0.120852,0.323178,0.650135,-0.592421,-0.349168
1494876535.953312,-1.895411,0.622584,-0.120852,0.317750,0.652554,-0.591718,-0.350824
1494876536.032867,-1.895411,0.622584,-0.120852,0.313368,0.653896,-0.592540,-0.350880
1494876536.194025,-1.895411,0.622584,-0.120852,0.315556,0.650000,-0.597352,-0.347987
1494876536.273573,-1.895411,0.622584,-0.120852,0.319532,0.648212,-0.599280,-0.344360
1494876536.353134,-1.895411,0.622584,-0.120852,0.322758,0.647246,-0.600653,-0.340759
1494876536.512292,-1.895411,0.622584,-0.120852,0.326002,0.641449,-0.606658,-0.337984
1494876536.591851,-1.895411,0.622584,-0.120852,0.326824,0.636598,-0.612011,-0.336708
1494876536.750995,-1.895411,0.622584,-0.120852,0.333552,0.632416,-0.614399,-0.333627
1494876536.830579,-1.895411,0.622584,-0.120852,0.336566,0.633682,-0.611248,-0.333986
1494876536.910159,-1.895411,0.622584,-0.120852,0.337698,0.634151,-0.609013,-0.336029
1494876536.989762,-1.895411,0.622584,-0.120852,0.336601,0.632831,-0.610358,-0.337176
1494876537.148926,-1.895411,0.622584,-0.120852,0.333644,0.628232,-0.616646,-0.337274
1494876537.228537,-1.895411,0.622584,-0.120852,0.331179,0.628129,-0.617151,-0.338968
1494876537.387716,-1.895411,0.622584,-0.120852,0.326723,0.631213,-0.615770,-0.340073
1494876537.469351,-25.765728,-7.431815,8.047303,0.326243,0.631651,-0.615629,-0.339976
1494876537.548914,-30.870743,-14.175213,12.113829,0.324635,0.631066,-0.617681,-0.338879
1494876537.708071,-31.704981,-17.238430,14.104479,0.320009,0.629329,-0.627509,-0.328286
1494876537.787633,-32.053401,-18.346952,14.545884,-0.320975,-0.626600,0.633165,0.321635
1494876537.867234,-32.639700,-19.600049,14.935581,-0.322878,-0.624081,0.638504,0.313984
1494876538.026378,-34.071987,-23.256256,16.630898,-0.328568,-0.617096,0.650482,0.296830
1494876538.105963,-36.138999,-24.250720,17.006739,-0.328839,-0.612272,0.657322,0.291404
1494876538.185509,-38.516923,-25.270647,16.312836,-0.325260,-0.611357,0.658895,0.293777
1494876538.344629,-52.030482,-37.724238,9.539567,-0.310612,-0.614737,0.655304,0.310153
1494876538.424223,-62.010584,-44.374538,3.889186,-0.302336,-0.617937,0.653792,0.315123
1494876538.503817,-74.833419,-49.851528,-5.508062,-0.297678,-0.621756,0.650936,0.317945
1494876538.662999,-74.833419,-49.851528,-5.508062,-0.298513,-0.625552,0.644894,0.322003
1494876538.744594,-74.833419,-49.851528,-5.508062,-0.298561,-0.625815,0.643239,0.324746
1494876538.824200,-74.833419,-49.851528,-5.508062,-0.298792,-0.625886,0.642634,0.325594
1494876538.983332,-74.833419,-49.851528,-5.508062,-0.304540,-0.626611,0.639720,0.324613
1494876539.062944,-74.833419,-49.851528,-5.508062,-0.306158,-0.626513,0.638522,0.325633
1494876539.142470,-74.833419,-49.851528,-5.508062,-0.305988,-0.625727,0.638308,0.327720
1494876539.301597,-74.833419,-49.851528,-5.508062,-0.299799,-0.624099,0.641510,0.330281
1494876539.381175,-74.833419,-49.851528,-5.508062,-0.300545,-0.624222,0.641570,0.329254
1494876539.460767,-74.833419,-49.851528,-5.508062,-0.303499,-0.625109,0.639979,0.327955
1494876539.619929,-74.833419,-49.851528,-5.508062,-0.303149,-0.627020,0.637731,0.329006
1494876539.699485,-74.833419,-49.851528,-5.508062,-0.300950,-0.629033,0.636032,0.330469
1494876539.779073,-74.833419,-49.851528,-5.508062,-0.300924,-0.631420,0.633527,0.330753
1494876539.938220,-74.833419,-49.851528,-5.508062,-0.305617,-0.631542,0.631963,0.329203
1494876540.019820,-74.833419,-49.851528,-5.508062,-0.305215,-0.630759,0.632461,0.330122
1494876540.099376,-74.833419,-49.851528,-5.508062,-0.302998,-0.631044,0.632598,0.331353
1494876540.258468,-117.642138,-99.461674,-15.144378,0.300558,0.633032,-0.631539,-0.331804
1494876540.338052,-158.923800,-136.624651,-16.887204,0.301718,0.632748,-0.631623,-0.331132
1494876540.497139,-158.923800,-136.624651,-16.887204,-0.303137,-0.629641,0.634376,0.330495
1494876540.576692,-158.923800,-136.624651,-16.887204,-0.302677,-0.628029,0.636435,0.330025
1494876540.735707,-158.923800,-136.624651,-16.887204,-0.307441,-0.625088,0.637969,0.328239
1494876540.815253,-158.923800,-136.624651,-16.887204,-0.309953,-0.623831,0.637695,0.328799
1494876540.974337,-163.073132,-142.841110,-17.548283,-0.305650,-0.624156,0.639773,0.328174
1494876541.053841,-167.661509,-145.261291,-17.035459,-0.308113,-0.624530,0.640132,0.324438
1494876541.133371,-171.741429,-148.592994,-16.089254,-0.313486,-0.623023,0.640961,0.320528
1494876541.294476,-213.084252,-196.572011,-1.093309,-0.319217,-0.616506,0.645250,0.318862
1494876541.374012,-249.003193,-237.942061,-1.216436,-0.317460,-0.614892,0.646785,0.320619
1494876541.453555,-292.163231,-299.895246,-9.870527,-0.313951,-0.615983,0.646578,0.322394
1494876541.612676,-292.163231,-299.895246,-9.870527,-0.307520,-0.616750,0.647927,0.324409
1494876541.692202,-292.163231,-299.895246,-9.870527,-0.308087,-0.614966,0.649064,0.324985
1494876541.851303,-292.163231,-299.895246,-9.870527,-0.311760,-0.610643,0.650482,0.326794
1494876541.930860,-292.163231,-299.895246,-9.870527,-0.310933,-0.608501,0.652476,0.327602
1494876542.010402,-323.516518,-315.510864,-18.748244,-0.312210,-0.606933,0.653061,0.328128
1494876542.169568,-331.866615,-325.324020,-20.165042,-0.317240,-0.606764,0.650348,0.329003
1494876542.249145,-336.656272,-330.697182,-20.516219,-0.315390,-0.607889,0.649802,0.329785
1494876542.328710,-343.081909,-337.165001,-22.008213,-0.311592,-0.609269,0.649725,0.330999
