1532199344.563905,0.000000,0.000000,0.000000,-0.707107,0.000000,0.000000,0.707107
1532199344.612749,0.000000,0.000000,0.000000,-0.707107,0.000000,0.000000,0.707107
1532199344.663625,0.000000,0.000000,0.000000,-0.707107,0.000000,0.000000,0.707107
1532199344.712471,0.000000,0.000000,0.000000,-0.707107,0.000000,0.000000,0.707107
1532199344.812213,0.000000,0.000000,0.000000,-0.707107,0.000000,0.000000,0.707107
1532199344.861067,0.000000,0.000000,0.000000,-0.707107,0.000000,0.000000,0.707107
1532199344.911935,0.000000,0.000000,0.000000,-0.707107,0.000000,0.000000,0.707107
1532199345.060516,0.000000,0.000000,0.000000,-0.707107,0.000000,0.000000,0.707107
1532199345.160235,0.000000,0.000000,0.000000,-0.707107,0.000000,0.000000,0.707107
1532199345.308806,0.000000,0.000000,0.000000,-0.707107,0.000000,0.000000,0.707107
1532199345.408553,0.000000,0.000000,0.000000,-0.707107,0.000000,0.000000,0.707107
1532199345.508275,0.000000,0.000000,0.000000,-0.707107,0.000000,0.000000,0.707107
1532199345.656830,0.000000,0.000000,0.000000,-0.707107,0.000000,0.000000,0.707107
1532199345.756536,0.000000,0.000000,0.000000,-0.707107,0.000000,0.000000,0.707107
1532199345.905104,0.000000,0.000000,0.000000,-0.707107,0.000000,0.000000,0.707107
1532199346.004811,0.000000,0.000000,0.000000,-0.707107,0.000000,0.000000,0.707107
1532199346.104557,0.000000,0.000000,0.000000,-0.707107,0.000000,0.000000,0.707107
1532199346.204305,0.000000,0.000000,0.000000,-0.707107,0.000000,0.000000,0.707107
1532199346.301941,0.000000,0.000000,0.000000,-0.707107,0.000000,0.000000,0.707107
1532199346.401693,0.000000,0.000000,0.000000,-0.707107,0.000000,0.000000,0.707107
1532199346.501392,0.000000,0.000000,0.000000,-0.707107,0.000000,0.000000,0.707107
1532199346.601088,0.000000,0.000000,0.000000,-0.707107,0.000000,0.000000,0.707107
1532199346.749645,0.000000,0.000000,0.000000,-0.707107,0.000000,0.000000,0.707107
1532199346.849352,0.000000,0.000000,0.000000,-0.707107,0.000000,0.000000,0.707107
1532199346.949059,0.000000,0.000000,0.000000,-0.707107,0.000000,0.000000,0.707107
1532199347.048723,0.000000,0.000000,0.000000,-0.707107,0.000000,0.000000,0.707107
1532199347.146241,0.000000,0.000000,0.000000,-0.707107,0.000000,0.000000,0.707107
1532199347.245862,0.000000,0.000000,0.000000,-0.707107,0.000000,0.000000,0.707107
1532199347.345458,0.000000,0.000000,0.000000,-0.707107,0.000000,0.000000,0.707107
1532199347.493842,0.000000,0.000000,0.000000,-0.707107,0.000000,0.000000,0.707107
1532199347.593416,0.000000,0.000000,0.000000,-0.707107,0.000000,0.000000,0.707107
1532199347.692996,0.000000,0.000000,0.000000,-0.707107,0.000000,0.000000,0.707107
1532199347.792518,0.000000,0.000000,0.000000,-0.707107,0.000000,0.000000,0.707107
1532199347.892068,0.000000,0.000000,0.000000,-0.707107,0.000000,0.000000,0.707107
1532199347.989510,0.000000,0.000000,0.000000,-0.707107,0.000000,0.000000,0.707107
1532199348.089059,0.000000,0.000000,0.000000,-0.707107,0.000000,0.000000,0.707107
1532199348.188551,0.000000,0.000000,0.000000,-0.707107,0.000000,0.000000,0.707107
1532199348.288058,0.000000,0.000000,0.000000,-0.707107,0.000000,0.000000,0.707107
1532199348.387579,0.000000,0.000000,0.000000,-0.707107,0.000000,0.000000,0.707107
1532199348.535872,0.000000,0.000000,0.000000,-0.707107,0.000000,0.000000,0.707107
1532199348.635384,0.000000,0.000000,0.000000,-0.707107,0.000000,0.000000,0.707107
1532199348.734910,0.000000,0.000000,0.000000,-0.707107,0.000000,0.000000,0.707107
1532199348.832417,0.000000,0.000000,0.000000,-0.707107,0.000000,0.000000,0.707107
1532199348.932075,0.000000,0.000000,0.000000,-0.707107,0.000000,0.000000,0.707107
1532199349.031733,0.000000,0.000000,0.000000,-0.707107,0.000000,0.000000,0.707107
1532199349.131437,0.000000,0.000000,0.000000,-0.707107,0.000000,0.000000,0.707107
1532199349.231135,0.000000,0.000000,0.000000,-0.707107,0.000000,0.000000,0.707107
1532199349.330892,0.000000,0.000000,0.000000,-0.707107,0.000000,0.000000,0.707107
1532199349.428654,0.000000,0.000000,0.000000,-0.707107,0.000000,0.000000,0.707107
1532199349.579351,0.000000,0.000000,0.000000,-0.707107,0.000000,0.000000,0.707107
1532199349.728009,0.000000,0.000000,0.000000,-0.707107,0.000000,0.000000,0.707107
1532199349.776884,0.000000,0.000000,0.000000,-0.707107,0.000000,0.000000,0.707107
1532199349.876657,0.000000,0.000000,0.000000,-0.707107,0.000000,0.000000,0.707107
1532199349.976434,0.000000,0.000000,0.000000,-0.707107,0.000000,0.000000,0.707107
1532199350.076188,0.000000,0.000000,0.000000,-0.707107,0.000000,0.000000,0.707107
1532199350.175989,0.000000,0.000000,0.000000,-0.707107,0.000000,0.000000,0.707107
1532199350.273704,0.000000,0.000000,0.000000,-0.707107,0.000000,0.000000,0.707107
1532199350.373531,0.000000,0.000000,0.000000,-0.707107,0.000000,0.000000,0.707107
1532199350.473310,0.000000,0.000000,0.000000,-0.707107,0.000000,0.000000,0.707107
1532199350.621968,0.000000,0.000000,0.000000,-0.707107,0.000000,0.000000,0.707107
1532199350.721739,0.000000,0.000000,0.000000,-0.707107,0.000000,0.000000,0.707107
1532199350.821450,0.000000,0.000000,0.000000,-0.707107,0.000000,0.000000,0.707107
1532199350.921163,0.000000,0.000000,0.000000,-0.707107,0.000000,0.000000,0.707107
1532199351.020911,0.000000,0.000000,0.000000,-0.707107,0.000000,0.000000,0.707107
1532199351.169461,0.000000,0.000000,0.000000,-0.707107,0.000000,0.000000,0.707107
1532199351.318026,0.000000,0.000000,0.000000,-0.707107,0.000000,0.000000,0.707107
1532199351.368925,0.000002,0.000014,0.000070,-0.831940,-0.025000,-0.031546,0.553403
1532199351.466569,-0.000142,-0.000049,0.000182,-0.818052,-0.040361,-0.038625,0.572425
1532199351.566316,-0.000375,-0.000196,0.000172,-0.814049,-0.052083,-0.032702,0.577530
1532199351.666030,-0.000620,-0.000403,0.000108,-0.813320,-0.063500,-0.022116,0.577917
1532199351.765761,-0.001189,-0.000674,-0.000054,-0.814017,-0.073585,-0.010475,0.576066
1532199351.914352,-0.001760,-0.001206,-0.000098,-0.815893,-0.087820,0.008810,0.571427
1532199352.014068,-0.001788,-0.001456,-0.000256,-0.816694,-0.096531,0.018562,0.568638
1532199352.113794,-0.001621,-0.001651,-0.000496,-0.817809,-0.102681,0.022895,0.565792
1532199352.213545,-0.001209,-0.001745,-0.000619,-0.819336,-0.106407,0.022261,0.562913
1532199352.311204,-0.001187,-0.001716,-0.000841,-0.821075,-0.108103,0.019092,0.560166
1532199352.410922,-0.001304,-0.001731,-0.001133,-0.822893,-0.109820,0.017669,0.557202
1532199352.510665,-0.001359,-0.001705,-0.001470,-0.825133,-0.111940,0.018936,0.553414
1532199352.610381,-0.001388,-0.001669,-0.001804,-0.827614,-0.114281,0.021458,0.549121
1532199352.710121,-0.001351,-0.001620,-0.002159,-0.829938,-0.117107,0.023833,0.544905
1532199352.809856,-0.001311,-0.001591,-0.002521,-0.832153,-0.119965,0.025262,0.540825
1532199352.958441,-0.001209,-0.001612,-0.003239,-0.836259,-0.123062,0.026308,0.533699
1532199353.058151,-0.001098,-0.001674,-0.003744,-0.840645,-0.124364,0.026592,0.526443
1532199353.155842,-0.001054,-0.001890,-0.004403,-0.845965,-0.125940,0.027210,0.517437
1532199353.255549,-0.001031,-0.002170,-0.005014,-0.851857,-0.128586,0.028988,0.506918
1532199353.355292,-0.000914,-0.002511,-0.005552,0.857346,0.132274,-0.031738,-0.496442
1532199353.455012,-0.000677,-0.002879,-0.006065,0.862221,0.135986,-0.034301,-0.486731
1532199353.554714,-0.000416,-0.003273,-0.006683,0.866708,0.139002,-0.035672,-0.477727
1532199353.654431,-0.000190,-0.003634,-0.007255,0.871466,0.141556,-0.035961,-0.468204
1532199353.803015,0.000193,-0.004268,-0.008189,0.878965,0.145779,-0.036191,-0.452613
1532199353.902726,0.000488,-0.004733,-0.008791,0.883831,0.149157,-0.036782,-0.441862
1532199354.002483,0.000761,-0.005195,-0.009384,0.888646,0.152399,-0.037499,-0.430902
1532199354.100136,0.001043,-0.005673,-0.009976,0.892620,0.155534,-0.038194,-0.421402
1532199354.250739,0.001441,-0.006259,-0.010879,0.897785,0.159378,-0.038432,-0.408784
1532199354.348440,0.001640,-0.006471,-0.011449,0.900381,0.161494,-0.038025,-0.402230
1532199354.448166,0.001798,-0.006666,-0.012036,0.902510,0.163622,-0.037814,-0.396577
1532199354.547885,0.001921,-0.006756,-0.012621,0.903978,0.165778,-0.038341,-0.392263
1532199354.647626,0.001996,-0.006791,-0.013216,0.905176,0.167496,-0.039157,-0.388676
1532199354.747353,0.002076,-0.006754,-0.013768,0.906382,0.168904,-0.039787,-0.385175
1532199354.847086,0.002153,-0.006668,-0.014293,0.907558,0.170194,-0.039921,-0.381809
1532199354.995676,0.002227,-0.006432,-0.014959,0.908204,0.171912,-0.039641,-0.379528
1532199355.095381,0.002214,-0.006125,-0.015330,0.907588,0.172748,-0.040219,-0.380557
1532199355.193083,0.002161,-0.005721,-0.015617,0.906630,0.173179,-0.041089,-0.382548
1532199355.292815,0.001991,-0.005144,-0.015851,0.904879,0.173311,-0.042026,-0.386511
1532199355.392589,0.001751,-0.004395,-0.016013,0.901997,0.173022,-0.042825,-0.393231
1532199355.492314,0.001489,-0.003527,-0.016103,0.898485,0.172329,-0.043008,-0.401469
1532199355.592020,0.001185,-0.002592,-0.016092,0.894710,0.171329,-0.042312,-0.410305
1532199355.691729,0.000845,-0.001617,-0.015968,0.890611,0.170320,-0.041565,-0.419614
1532199355.840183,0.000369,-0.000119,-0.015520,0.883472,0.168888,-0.040961,-0.435059
1532199355.939748,0.000108,0.000853,-0.015118,0.878562,0.167418,-0.040013,-0.445532
1532199356.088314,-0.000218,0.002295,-0.014267,0.870247,0.165365,-0.038363,-0.462443
1532199356.137150,-0.000392,0.002732,-0.014012,0.867908,0.164522,-0.038052,-0.467141
1532199356.236860,-0.000672,0.003678,-0.013222,0.862025,0.163344,-0.037538,-0.478354
1532199356.336586,-0.001051,0.004497,-0.012470,0.855936,0.161647,-0.038091,-0.489687
1532199356.485167,-0.001574,0.005700,-0.011060,-0.845051,-0.158302,0.040746,0.509086
1532199356.584938,-0.001910,0.006466,-0.009995,-0.836977,-0.155854,0.043153,0.522798
1532199356.684663,-0.002246,0.007052,-0.009023,-0.827949,-0.153890,0.045731,0.537334
1532199356.784381,-0.002468,0.007482,-0.008031,-0.818919,-0.152274,0.048175,0.551238
1532199356.884082,-0.002584,0.007782,-0.007019,-0.810720,-0.150593,0.049738,0.563543
1532199356.981758,-0.002615,0.007941,-0.005958,-0.804180,-0.149052,0.050435,0.573179
1532199357.081452,-0.002635,0.007938,-0.005000,-0.798260,-0.148037,0.051159,0.581592
1532199357.230000,-0.002598,0.007765,-0.003191,-0.789101,-0.147164,0.053145,0.594002
1532199357.329715,-0.002541,0.007649,-0.001974,-0.781973,-0.146405,0.054674,0.603403
1532199357.429483,-0.002436,0.007480,-0.000689,-0.773438,-0.145275,0.056190,0.614436
1532199357.529165,-0.002373,0.007269,0.000582,-0.764092,-0.144081,0.057793,0.626150
1532199357.628912,-0.002261,0.006923,0.001848,-0.754990,-0.142783,0.059837,0.637199
1532199357.728617,-0.002363,0.006397,0.002994,-0.745999,-0.141302,0.061829,0.647839
1532199357.826293,-0.002451,0.005816,0.004046,-0.738100,-0.139614,0.064542,0.656925
1532199357.976853,-0.002590,0.005058,0.005291,-0.726300,-0.137013,0.069438,0.669995
1532199358.074560,-0.002643,0.004599,0.005918,-0.719213,-0.135529,0.072280,0.677599
1532199358.174297,-0.002655,0.004042,0.006703,-0.711714,-0.134755,0.074923,0.685340
1532199358.274078,-0.002718,0.003555,0.007337,-0.703931,-0.134753,0.077372,0.693063
1532199358.373856,-0.002751,0.003128,0.007892,-0.696246,-0.134941,0.079053,0.700559
1532199358.473692,-0.002573,0.002606,0.008469,-0.689605,-0.134689,0.080103,0.707028
1532199358.573513,-0.002630,0.002355,0.008801,-0.683702,-0.134097,0.080662,0.712785
1532199358.671337,-0.002626,0.002084,0.009123,-0.679102,-0.133491,0.081682,0.717167
1532199358.771182,-0.002624,0.001949,0.009307,-0.675657,-0.133230,0.083072,0.720303
1532199358.871022,-0.002563,0.001796,0.009430,-0.673891,-0.133161,0.084455,0.721808
1532199358.970864,-0.002517,0.001695,0.009523,-0.673528,-0.133296,0.084934,0.722065
1532199359.070751,-0.002494,0.001689,0.009533,-0.674311,-0.133782,0.084324,0.721316
1532199359.170639,-0.002500,0.001768,0.009464,-0.675963,-0.134908,0.082993,0.719713
1532199359.268496,-0.002414,0.001738,0.009327,-0.679005,-0.136300,0.081485,0.716752
1532199359.368373,-0.002422,0.001875,0.008967,-0.683728,-0.137874,0.080045,0.712109
1532199359.517159,-0.002240,0.001849,0.008540,-0.693194,-0.140178,0.078081,0.702664
1532199359.617050,-0.002154,0.001802,0.008314,-0.699318,-0.142690,0.075921,0.696297
1532199359.716908,-0.002061,0.001831,0.007959,-0.705255,-0.145343,0.073317,0.690012
1532199359.816772,-0.001957,0.001842,0.007563,-0.712065,-0.147575,0.070572,0.682791
1532199359.916652,-0.001883,0.001715,0.007181,-0.719696,-0.150444,0.068557,0.674318
1532199360.016506,-0.001735,0.001423,0.006635,-0.728121,-0.153542,0.067466,0.664615
1532199360.114333,-0.001370,0.001026,0.006432,-0.737057,-0.156200,0.066147,0.654196
1532199360.214194,-0.000999,0.000594,0.006233,-0.745803,-0.157870,0.063920,0.644026
1532199360.314029,-0.000729,0.000179,0.006010,-0.753559,-0.159296,0.061307,0.634835
1532199360.462794,-0.000398,-0.000477,0.005609,-0.763103,-0.162443,0.058223,0.622814
1532199360.513708,-0.000332,-0.000700,0.005449,-0.765662,-0.163472,0.057667,0.619446
1532199360.613497,-0.000016,-0.001282,0.005326,-0.771601,-0.165541,0.056393,0.611594
1532199360.711303,0.000173,-0.001873,0.005026,-0.778118,-0.167115,0.055271,0.602951
1532199360.811115,0.000429,-0.002549,0.004831,-0.785290,-0.168767,0.054364,0.593196
1532199361.010769,0.000955,-0.003946,0.004426,-0.797749,-0.173458,0.052530,0.575108
1532199361.059657,0.001101,-0.004268,0.004450,-0.799401,-0.174451,0.052316,0.572527
1532199361.159472,0.001413,-0.004862,0.004501,-0.802217,-0.176140,0.052322,0.568054
1532199361.259300,0.001624,-0.005276,0.004461,-0.802947,-0.177351,0.053035,0.566578
1532199361.359126,0.001781,-0.005488,0.004405,-0.802670,-0.177613,0.054160,0.566781
1532199361.507785,0.001845,-0.005450,0.004110,-0.801870,-0.176681,0.056444,0.567980
1532199361.607605,0.001738,-0.005342,0.003830,-0.801521,-0.177056,0.059065,0.568091
1532199361.707384,0.001495,-0.005212,0.003476,-0.801658,-0.179199,0.063159,0.566784
1532199361.807172,0.001132,-0.005141,0.003139,-0.802018,-0.183415,0.069275,0.564205
1532199361.955837,0.000333,-0.005246,0.002675,-0.801741,-0.193808,0.084359,0.559047
1532199362.055604,-0.000431,-0.005489,0.002421,-0.800699,-0.202355,0.097777,0.555314
1532199362.153342,-0.000750,-0.005569,0.002294,-0.799374,-0.211504,0.113156,0.550875
1532199362.253132,-0.001061,-0.005648,0.002203,-0.798039,-0.220194,0.126426,0.546502
1532199362.352923,-0.001343,-0.005682,0.002106,-0.796600,-0.228181,0.136870,0.542797
1532199362.452717,-0.001890,-0.005866,0.001981,-0.794899,-0.235547,0.144847,0.540068
1532199362.601327,-0.002760,-0.006142,0.001769,-0.792406,-0.245910,0.156197,0.535933
1532199362.701067,-0.003310,-0.006313,0.001686,-0.791001,-0.251997,0.162830,0.533199
1532199362.800888,-0.003864,-0.006455,0.001608,-0.789335,-0.257224,0.168869,0.531291
1532199362.900663,-0.004433,-0.006561,0.001530,-0.787273,-0.261738,0.173924,0.530513
1532199363.049340,-0.005310,-0.006681,0.001390,-0.783752,-0.267854,0.178770,0.531063
1532199363.149124,-0.005924,-0.006768,0.001235,-0.781616,-0.272153,0.180724,0.531363
1532199363.248898,-0.006588,-0.006912,0.001029,-0.779608,-0.277689,0.183103,0.530635
1532199363.397571,-0.007697,-0.007301,0.000634,-0.777341,-0.286716,0.189289,0.526976
1532199363.497387,-0.008506,-0.007603,0.000277,-0.776451,-0.292358,0.194529,0.523268
1532199363.595111,-0.009213,-0.007809,-0.000102,-0.776538,-0.297445,0.199431,0.518404
1532199363.694895,-0.010000,-0.008144,-0.000635,-0.777332,-0.302526,0.203066,0.512833
1532199363.794714,-0.010690,-0.008408,-0.001207,-0.778623,-0.308011,0.205759,0.506497
1532199363.894512,-0.011299,-0.008646,-0.001845,-0.779980,-0.314025,0.207139,0.500113
1532199363.994306,-0.011863,-0.008855,-0.002517,0.780978,0.320372,-0.207175,-0.494483
1532199364.142969,-0.012637,-0.009160,-0.003639,0.782601,0.329834,-0.206132,-0.486061
1532199364.242733,-0.013076,-0.009248,-0.004424,0.783948,0.335865,-0.205156,-0.480137
1532199364.342515,-0.013415,-0.009267,-0.005337,0.785968,0.340420,-0.203751,-0.474188
1532199364.440281,-0.013697,-0.009120,-0.006167,0.788657,0.343883,-0.201413,-0.468186
1532199364.590966,-0.014017,-0.008800,-0.007605,0.793276,0.347103,-0.197109,-0.459761
1532199364.690789,-0.014058,-0.008391,-0.008536,0.796141,0.348555,-0.193764,-0.455111
1532199364.788515,-0.013989,-0.007870,-0.009438,0.799556,0.348591,-0.189735,-0.450771
1532199364.888330,-0.013714,-0.007189,-0.010451,0.803329,0.347251,-0.185101,-0.447009
1532199364.988134,-0.013297,-0.006365,-0.011355,0.808140,0.344078,-0.178854,-0.443318
1532199365.136826,-0.012284,-0.004780,-0.012718,0.817282,0.333708,-0.165703,-0.439581
1532199365.236630,-0.011538,-0.003617,-0.013532,0.823930,0.323924,-0.154622,-0.438525
1532199365.336450,-0.010659,-0.002404,-0.014353,0.829541,0.314687,-0.144901,-0.437993
1532199365.436268,-0.010089,-0.001467,-0.014990,0.834451,0.306170,-0.135590,-0.437684
1532199365.536125,-0.009174,-0.000287,-0.015655,0.838424,0.299085,-0.128325,-0.437180
1532199365.684848,-0.007358,0.001880,-0.016526,0.844421,0.288246,-0.116731,-0.436166
1532199365.784638,-0.006166,0.003433,-0.016863,0.848708,0.278563,-0.107317,-0.436555
1532199365.882396,-0.005044,0.004920,-0.017112,0.852688,0.267685,-0.097299,-0.437951
1532199365.982194,-0.003778,0.006419,-0.017346,0.856218,0.256344,-0.086951,-0.440021
1532199366.081991,-0.002436,0.007860,-0.017524,0.859110,0.245302,-0.076439,-0.442622
1532199366.181785,-0.000981,0.009276,-0.017667,0.861664,0.234420,-0.065493,-0.445302
1532199366.281565,0.001285,0.009833,-0.017173,0.863991,0.224063,-0.054623,-0.447585
1532199366.381397,0.002711,0.011154,-0.017123,0.866352,0.212688,-0.042357,-0.449893
1532199366.530070,0.005617,0.010942,-0.015925,0.869032,0.195456,-0.024421,-0.453855
1532199366.629862,0.006999,0.012099,-0.015658,0.870353,0.182991,-0.012828,-0.456985
1532199366.729653,0.008755,0.012614,-0.015019,0.871248,0.169564,-0.001132,-0.460623
1532199366.827417,0.011109,0.012334,-0.013799,0.871682,0.155880,0.010394,-0.464505
1532199366.927220,0.012223,0.013017,-0.013539,0.871270,0.142522,0.022669,-0.469108
1532199367.027016,0.013149,0.013701,-0.013241,0.870349,0.130685,0.032972,-0.473632
1532199367.175708,0.014939,0.014549,-0.012307,0.868180,0.114974,0.047151,-0.480438
1532199367.275509,0.015217,0.014956,-0.011991,0.865862,0.103259,0.058446,-0.486008
1532199367.375334,0.015980,0.015222,-0.011375,0.863425,0.092558,0.068708,-0.491130
1532199367.475127,0.016180,0.015332,-0.010813,0.860456,0.083754,0.077189,-0.496630
1532199367.574910,0.016100,0.015252,-0.010196,-0.856829,-0.077852,-0.081348,0.503155
1532199367.723602,0.015697,0.014950,-0.009114,-0.851417,-0.073827,-0.080506,0.512988
1532199367.823378,0.015217,0.014538,-0.008367,-0.848909,-0.072879,-0.078694,0.517542
1532199367.921131,0.014588,0.013923,-0.007592,-0.847465,-0.074179,-0.078032,0.519818
1532199368.071811,0.013088,0.012854,-0.006100,-0.845813,-0.079732,-0.076369,0.521930
1532199368.171586,0.011905,0.012075,-0.005066,-0.844638,-0.082879,-0.075436,0.523477
1532199368.269349,0.010691,0.011328,-0.003955,-0.842563,-0.084605,-0.075244,0.526562
1532199368.369128,0.009298,0.010490,-0.002696,-0.839475,-0.085132,-0.074746,0.531458
1532199368.468906,0.007698,0.009561,-0.001275,-0.835976,-0.084930,-0.072563,0.537277
1532199368.568666,0.005859,0.008604,0.000364,-0.831852,-0.085308,-0.068243,0.544139
1532199368.717345,0.004257,0.008046,0.002016,-0.824751,-0.087300,-0.058600,0.555635
1532199368.817089,0.002930,0.007531,0.003312,-0.819083,-0.089749,-0.051399,0.564274
1532199368.916903,0.001549,0.007000,0.004636,-0.813034,-0.091753,-0.043744,0.573275
1532199369.016664,0.000117,0.006407,0.005952,-0.806784,-0.093653,-0.035915,0.582270
1532199369.114422,-0.001386,0.005717,0.007255,-0.800442,-0.095644,-0.027527,0.591090
1532199369.214178,-0.003287,0.004646,0.008747,-0.794174,-0.098092,-0.018349,0.599440
1532199369.362814,-0.005963,0.003180,0.010844,-0.784546,-0.101903,-0.003724,0.611629
1532199369.462578,-0.007823,0.002025,0.012134,-0.778617,-0.105205,0.007260,0.618575
1532199369.562358,-0.009958,0.000098,0.013502,-0.772823,-0.109328,0.018515,0.624859
1532199369.662140,-0.011825,-0.002058,0.014908,-0.767534,-0.113123,0.029439,0.630260
1532199369.810786,-0.013940,-0.005063,0.016574,-0.761083,-0.119441,0.041319,0.636223
1532199369.910598,-0.015118,-0.007281,0.017168,-0.758548,-0.124484,0.046694,0.637910
1532199370.010365,-0.016158,-0.009649,0.017647,-0.756328,-0.129810,0.052161,0.639059
1532199370.110138,-0.017278,-0.012085,0.018243,-0.754088,-0.134746,0.059106,0.640079
1532199370.258773,-0.019036,-0.015729,0.018719,-0.750613,-0.141731,0.069817,0.641575
1532199370.307638,-0.018928,-0.016936,0.019063,-0.749889,-0.143927,0.073966,0.641468
1532199370.407398,-0.019690,-0.019380,0.019066,-0.748536,-0.147962,0.080813,0.641303
1532199370.556056,-0.020565,-0.022275,0.018788,-0.747114,-0.153366,0.088155,0.640725
1532199370.655832,-0.020940,-0.023506,0.018431,-0.745685,-0.157103,0.090949,0.641094
1532199370.755593,-0.021129,-0.024530,0.017848,-0.744161,-0.159982,0.092462,0.641936
1532199370.855378,-0.021353,-0.025383,0.016972,-0.742834,-0.161620,0.093422,0.642922
1532199370.955192,-0.021798,-0.025878,0.015490,-0.742367,-0.162256,0.094066,0.643208
1532199371.054924,-0.022211,-0.026267,0.013748,-0.742679,-0.162523,0.094407,0.642730
1532199371.152616,-0.022449,-0.026504,0.011761,-0.743646,-0.162639,0.094994,0.641494
1532199371.252376,-0.022521,-0.026615,0.009348,-0.745462,-0.162560,0.094912,0.639416
1532199371.401004,-0.022385,-0.026646,0.005245,-0.749686,-0.162633,0.091862,0.634889
1532199371.500772,-0.022112,-0.026530,0.002312,-0.753126,-0.162428,0.087686,0.631450
1532199371.600543,-0.021787,-0.026361,-0.000824,-0.757202,-0.162005,0.082158,0.627415
1532199371.700303,-0.021293,-0.026439,-0.003900,-0.760580,-0.162974,0.076903,0.623734
1532199371.800114,-0.020670,-0.026588,-0.006858,-0.763236,-0.164860,0.072748,0.620483
1532199371.948750,-0.019656,-0.026729,-0.011106,-0.768017,-0.166339,0.068836,0.614607
1532199371.997620,-0.019187,-0.026810,-0.012416,-0.769624,-0.166048,0.067936,0.612773
1532199372.148290,-0.017704,-0.026732,-0.016981,-0.775013,-0.164124,0.066072,0.606673
1532199372.246054,-0.016568,-0.026515,-0.019865,-0.777599,-0.162773,0.063009,0.604048
1532199372.345853,-0.015358,-0.026077,-0.022893,-0.780020,-0.161406,0.058025,0.601789
1532199372.445642,-0.014584,-0.025290,-0.026099,-0.782105,-0.160547,0.052659,0.599802
1532199372.545446,-0.014178,-0.024106,-0.029840,-0.783987,-0.160308,0.049112,0.597707
1532199372.694145,-0.017101,-0.007089,-0.064389,-0.788604,-0.163356,0.045544,0.591054
1532199372.793924,-0.022101,0.008074,-0.087402,-0.791594,-0.165889,0.044695,0.586397
1532199372.893697,-0.026581,0.026076,-0.110202,-0.794245,-0.168044,0.043515,0.582273
1532199372.993478,-0.033131,0.048230,-0.135601,-0.796014,-0.169346,0.041569,0.579617
1532199373.093286,-0.041799,0.071668,-0.163440,-0.797389,-0.170834,0.039967,0.577399
1532199373.241925,-0.055060,0.106928,-0.210950,-0.799853,-0.175478,0.037486,0.572745
1532199373.341675,-0.060956,0.129291,-0.246696,-0.802969,-0.179636,0.032473,0.567377
1532199373.439410,-0.067595,0.150781,-0.281276,-0.807191,-0.183951,0.025112,0.560334
1532199373.539135,-0.075130,0.170584,-0.316299,-0.811144,-0.188713,0.017030,0.553301
1532199373.738647,-0.096987,0.190741,-0.351298,-0.810248,-0.198627,0.014385,0.551215
1532199373.787520,-0.101599,0.193113,-0.355239,-0.810112,-0.201307,0.016557,0.550381
1532199373.887308,-0.108067,0.197103,-0.362190,-0.808512,-0.204777,0.022513,0.551243
1532199373.987058,-0.115498,0.200185,-0.369479,-0.808184,-0.206563,0.028054,0.550802
1532199374.135682,-0.126624,0.203529,-0.379332,-0.809685,-0.207549,0.034006,0.547884
1532199374.235422,-0.131235,0.205978,-0.382989,-0.810892,-0.209143,0.036339,0.545338
1532199374.335143,-0.135514,0.208684,-0.386194,-0.811498,-0.210668,0.037513,0.543767
1532199374.483767,-0.139202,0.218061,-0.390367,-0.811951,-0.209942,0.035233,0.543524
1532199374.583511,-0.141898,0.227220,-0.391738,-0.812728,-0.207276,0.033494,0.543496
1532199374.683304,-0.144157,0.239940,-0.394204,-0.814641,-0.202537,0.033112,0.542441
1532199374.783057,-0.144484,0.255802,-0.395692,-0.817192,-0.196166,0.034874,0.540833
1532199374.931644,-0.130586,0.268926,-0.386224,-0.819497,-0.183142,0.037421,0.541741
1532199375.031377,-0.127092,0.294841,-0.389370,-0.819982,-0.172754,0.035777,0.544523
1532199375.180011,-0.121332,0.326352,-0.394319,-0.819963,-0.159543,0.029242,0.548956
1532199375.228872,-0.126620,0.341151,-0.400659,-0.820061,-0.156203,0.025944,0.549934
1532199375.328627,-0.129821,0.372469,-0.411336,-0.821745,-0.153032,0.019015,0.548594
1532199375.428392,-0.136178,0.405685,-0.422735,-0.823737,-0.152009,0.013564,0.546047
1532199375.528143,-0.140896,0.441704,-0.433216,-0.826739,-0.151704,0.010262,0.541649
1532199375.676734,-0.148083,0.503048,-0.448862,-0.830041,-0.148451,0.007651,0.537527
1532199375.776550,-0.155089,0.547354,-0.458806,-0.832618,-0.145313,0.007620,0.534391
1532199375.876315,-0.162531,0.593241,-0.467726,-0.835096,-0.140822,0.010222,0.531676
1532199375.976098,-0.171020,0.640224,-0.475954,-0.836446,-0.135863,0.013821,0.530763
1532199376.124734,-0.183484,0.710656,-0.486367,-0.836362,-0.127438,0.021782,0.532713
1532199376.224468,-0.192566,0.759413,-0.495074,-0.835702,-0.122820,0.026507,0.534617
1532199376.373058,-0.205732,0.830587,-0.512406,-0.834735,-0.118933,0.028475,0.536900
1532199376.421934,-0.210713,0.855368,-0.520289,-0.834469,-0.117713,0.027929,0.537611
1532199376.521699,-0.218843,0.906351,-0.533727,-0.834514,-0.116741,0.026022,0.537848
1532199376.621468,-0.226692,0.957167,-0.546237,-0.834788,-0.116073,0.026072,0.537565
1532199376.770108,-0.239731,1.000520,-0.558923,-0.831380,-0.115071,0.026167,0.543030
1532199376.869848,-0.249292,1.044135,-0.568938,-0.828320,-0.112345,0.025828,0.548268
1532199376.969641,-0.258174,1.088626,-0.579366,-0.825049,-0.109839,0.023158,0.553799
1532199377.069383,-0.266595,1.134002,-0.590159,-0.822984,-0.107373,0.019179,0.557495
1532199377.218030,-0.281758,1.189589,-0.606333,-0.820755,-0.106212,0.012267,0.561186
1532199377.317826,-0.291352,1.231966,-0.620167,-0.819609,-0.105986,0.008447,0.562972
1532199377.417561,-0.300408,1.275536,-0.634845,-0.819937,-0.107867,0.004439,0.562182
1532199377.515285,-0.310050,1.311667,-0.649860,-0.820913,-0.107522,-0.001768,0.560836
1532199377.665885,-0.325089,1.369078,-0.669307,-0.821538,-0.104584,-0.008797,0.560410
1532199377.763460,-0.336670,1.407867,-0.683435,-0.821023,-0.101344,-0.011521,0.561709
1532199377.863173,-0.350591,1.448229,-0.697758,-0.820027,-0.098671,-0.012749,0.563611
1532199377.962903,-0.364213,1.488143,-0.711060,-0.818867,-0.095984,-0.010715,0.565800
1532199378.111304,-0.382844,1.532513,-0.726089,-0.814897,-0.093092,-0.007292,0.572035
1532199378.211022,-0.396929,1.571105,-0.739983,-0.812546,-0.090534,-0.005381,0.575798
1532199378.310749,-0.409890,1.609121,-0.752825,-0.811163,-0.088617,-0.005604,0.578041
1532199378.410472,-0.421951,1.645728,-0.767082,-0.810747,-0.086060,-0.007345,0.578990
1532199378.510206,-0.432985,1.679992,-0.781909,-0.812320,-0.083949,-0.009550,0.577059
1532199378.658821,-0.446609,1.727226,-0.802807,-0.815979,-0.082835,-0.010418,0.572021
1532199378.758609,-0.454143,1.758389,-0.815599,-0.818500,-0.081383,-0.012054,0.568585
1532199378.858337,-0.461982,1.788899,-0.826455,-0.819224,-0.079946,-0.015602,0.567660
1532199378.955957,-0.468806,1.818064,-0.836785,-0.819082,-0.079119,-0.017410,0.567927
1532199379.055532,-0.475908,1.846667,-0.845560,-0.818550,-0.078635,-0.018024,0.568742
1532199379.203892,-0.486949,1.871439,-0.856826,-0.815797,-0.076915,-0.018729,0.572895
1532199379.303599,-0.492995,1.896817,-0.865194,-0.813965,-0.074258,-0.020480,0.575785
1532199379.403339,-0.500831,1.920315,-0.873683,-0.812532,-0.071856,-0.021766,0.578061
1532199379.503079,-0.510301,1.942604,-0.882831,-0.812394,-0.070679,-0.021892,0.578396
1532199379.602882,-0.516521,1.962207,-0.891098,-0.814526,-0.069291,-0.021540,0.575571
1532199379.702655,-0.522052,1.981736,-0.899133,-0.816410,-0.067777,-0.023867,0.572984
1532199379.800369,-0.528081,2.001155,-0.906187,-0.818165,-0.067157,-0.026558,0.570430
1532199379.951015,-0.536869,2.029238,-0.916301,-0.816384,-0.067860,-0.029593,0.572744
1532199380.099618,-0.544363,2.061586,-0.927300,-0.812553,-0.064736,-0.032430,0.578374
1532199380.199327,-0.549288,2.084940,-0.936262,-0.811040,-0.062679,-0.032868,0.580694
1532199380.248171,-0.552017,2.097068,-0.941524,-0.810430,-0.061210,-0.033006,0.581693
1532199380.347898,-0.555331,2.120441,-0.951849,-0.810014,-0.059030,-0.034289,0.582424
1532199380.447642,-0.556849,2.143546,-0.962937,-0.809911,-0.056596,-0.035709,0.582723
1532199380.547380,-0.559153,2.162640,-0.973946,-0.809424,-0.053639,-0.036084,0.583655
1532199380.645103,-0.561422,2.181369,-0.984464,-0.808703,-0.049840,-0.035876,0.585003
1532199380.795758,-0.561800,2.211893,-1.001441,-0.808989,-0.042369,-0.034845,0.585259
1532199380.895472,-0.562717,2.233074,-1.012718,-0.809542,-0.036767,-0.032389,0.585014
1532199380.993154,-0.564124,2.255224,-1.021562,-0.809898,-0.032198,-0.030547,0.584890
1532199381.092847,-0.564823,2.279387,-1.032046,-0.808944,-0.029635,-0.029368,0.586404
1532199381.241387,-0.569149,2.296898,-1.039477,-0.806520,-0.029089,-0.031608,0.589644
1532199381.341105,-0.573876,2.328777,-1.050112,-0.805740,-0.027631,-0.037566,0.590430
1532199381.440848,-0.584905,2.407267,-1.076598,-0.804645,-0.026717,-0.043210,0.591579
1532199381.540587,-0.601438,2.497317,-1.106892,-0.803829,-0.025547,-0.046765,0.592469
1532199381.640304,-1.394281,8.622244,-3.167286,-0.802612,-0.023101,-0.050465,0.593914
1532199381.788851,-1.437549,8.754048,-3.203818,-0.801597,-0.016800,-0.052506,0.595317
1532199381.888570,-1.439763,8.885801,-3.241565,-0.800043,-0.014382,-0.055160,0.597228
1532199381.988334,-1.410401,9.253488,-3.347187,-0.797813,-0.012576,-0.059373,0.599842
1532199382.085999,-1.410401,9.253488,-3.347187,-0.795101,-0.011583,-0.064880,0.602885
1532199382.236667,-1.410401,9.253488,-3.347187,-0.793477,-0.010731,-0.069772,0.604492
1532199382.336394,-1.431380,9.372859,-3.378344,-0.791508,-0.011173,-0.073361,0.606637
1532199382.434109,-1.395805,9.946995,-3.541825,-0.789383,-0.011420,-0.076182,0.609049
1532199382.584720,-1.443346,9.954612,-3.549852,-0.786252,-0.010134,-0.079408,0.612699
1532199382.682431,-1.472104,9.974805,-3.552743,-0.785936,-0.008279,-0.080992,0.612924
1532199382.782149,-1.499958,9.982829,-3.551694,-0.786066,-0.007014,-0.082956,0.612511
1532199382.881880,-1.525514,9.997493,-3.553579,-0.786120,-0.006454,-0.086545,0.611951
1532199382.981625,-1.566401,10.041495,-3.566403,-0.784750,-0.005576,-0.090209,0.613187
1532199383.130224,-1.770621,10.125014,-3.541847,-0.783701,-0.002056,-0.092624,0.614191
1532199383.230048,-1.961590,10.146666,-3.532549,-0.782594,0.000797,-0.093508,0.615469
1532199383.329830,-2.106202,10.364592,-3.568617,-0.780414,0.004591,-0.094421,0.618076
1532199383.478422,-4.934546,11.991983,-2.911320,-0.776305,0.011600,-0.094668,0.623100
1532199383.527269,-7.306753,12.336364,-3.087096,-0.774016,0.013801,-0.094772,0.625881
1532199383.626994,-7.306753,12.336364,-3.087096,-0.771214,0.016239,-0.094241,0.629353
1532199383.777597,-7.306753,12.336364,-3.087096,-0.769085,0.018134,-0.096061,0.631626
1532199383.875365,-7.306753,12.336364,-3.087096,-0.766666,0.018025,-0.099519,0.634030
1532199383.975196,-7.306753,12.336364,-3.087096,-0.763646,0.017095,-0.103038,0.637131
1532199384.075021,-7.306753,12.336364,-3.087096,-0.760510,0.017234,-0.105161,0.640522
1532199384.223757,-7.306753,12.336364,-3.087096,-0.755866,0.020861,-0.106342,0.645695
1532199384.323556,-7.306753,12.336364,-3.087096,-0.753142,0.023612,-0.108906,0.648350
1532199384.472256,-7.306753,12.336364,-3.087096,-0.749784,0.026055,-0.113674,0.651324
1532199384.572072,-7.306753,12.336364,-3.087096,-0.747204,0.027034,-0.115687,0.653889
1532199384.671860,-7.306753,12.336364,-3.087096,-0.745217,0.028291,-0.119236,0.655465
1532199384.771619,-7.306753,12.336364,-3.087096,-0.743354,0.029192,-0.125873,0.656299
1532199384.871365,-7.306753,12.336364,-3.087096,-0.742000,0.030626,-0.131952,0.656572
1532199384.969079,-7.306753,12.336364,-3.087096,-0.740332,0.030472,-0.137886,0.657243
1532199385.119707,-7.306753,12.336364,-3.087096,-0.735836,0.029438,-0.145312,0.660730
1532199385.219438,-7.306753,12.336364,-3.087096,-0.732044,0.029661,-0.149131,0.664072
1532199385.317143,-7.306753,12.336364,-3.087096,-0.727727,0.029632,-0.153022,0.667921
1532199385.416873,-7.306753,12.336364,-3.087096,-0.723200,0.028727,-0.156436,0.672074
1532199385.516600,-7.306753,12.336364,-3.087096,-0.719274,0.027951,-0.158133,0.675913
1532199385.616289,-7.306753,12.336364,-3.087096,-0.714470,0.025572,-0.160348,0.680564
1532199385.715979,-7.306753,12.336364,-3.087096,-0.710244,0.023810,-0.162045,0.684637
1532199385.864541,-7.306753,12.336364,-3.087096,-0.705074,0.022650,-0.164684,0.689374
1532199385.964238,-7.306753,12.336364,-3.087096,-0.702414,0.021498,-0.166025,0.691801
1532199386.063950,-7.306753,12.336364,-3.087096,-0.700452,0.019520,-0.167091,0.693589
1532199386.161640,-7.306753,12.336364,-3.087096,-0.698648,0.018023,-0.169296,0.694914
1532199386.261325,-7.306753,12.336364,-3.087096,-0.697558,0.018678,-0.172506,0.695202
1532199386.460716,-6.446986,10.557448,-3.447228,-0.694875,0.023726,-0.183645,0.694881
1532199386.560431,-6.188289,12.441098,-4.028860,-0.694053,0.025671,-0.188390,0.694363
1532199386.609271,-6.134674,13.491664,-4.353023,-0.693300,0.027045,-0.191313,0.694264
1532199386.708980,-6.134674,13.491664,-4.353023,-0.692233,0.030415,-0.195456,0.694036
1532199386.857520,-6.134674,13.491664,-4.353023,-0.690455,0.034355,-0.198586,0.694734
1532199386.957222,-5.922036,16.876269,-5.091241,-0.688117,0.035034,-0.201737,0.696111
1532199387.056963,-5.305591,24.972854,-6.681951,-0.685413,0.036166,-0.204038,0.698047
1532199387.156669,-5.305591,24.972854,-6.681951,-0.682592,0.040147,-0.207158,0.699673
1532199387.256381,-5.305591,24.972854,-6.681951,-0.679345,0.046245,-0.213057,0.700684
1532199387.354046,-5.305591,24.972854,-6.681951,-0.678685,0.051831,-0.219083,0.699073
1532199387.453727,-5.305591,24.972854,-6.681951,-0.679594,0.055887,-0.224742,0.696074
1532199387.602229,-5.305591,24.972854,-6.681951,-0.683101,0.063990,-0.230422,0.690061
1532199387.701944,-5.305591,24.972854,-6.681951,-0.682453,0.072161,-0.234555,0.688502
1532199387.801655,-5.305591,24.972854,-6.681951,-0.680400,0.082994,-0.238970,0.687794
1532199387.901376,-5.305591,24.972854,-6.681951,-0.677993,0.092048,-0.241943,0.687980
1532199388.001090,-5.305591,24.972854,-6.681951,-0.676666,0.098504,-0.243058,0.687999
1532199388.149636,-4.911156,26.905440,-7.219674,-0.676320,0.102540,-0.247643,0.686111
1532199388.249367,-4.808156,27.686779,-7.387699,-0.678522,0.100484,-0.248836,0.683807
1532199388.349061,-4.567611,28.115741,-7.518150,-0.678820,0.099246,-0.249745,0.683360
1532199388.446743,-4.527227,28.635167,-7.675815,-0.679780,0.097104,-0.251538,0.682055
1532199388.546474,-4.476239,29.132244,-7.869537,-0.681555,0.093608,-0.248501,0.681885
1532199388.646194,-4.196675,29.527062,-8.008370,-0.683601,0.091028,-0.244686,0.681566
1532199388.794802,-3.933478,30.431528,-8.364803,-0.687200,0.089189,-0.241126,0.679455
1532199388.894534,-3.779744,31.120269,-8.624102,-0.689588,0.086470,-0.235905,0.679221
1532199388.994277,-3.602535,31.912969,-8.872090,-0.691365,0.084007,-0.227957,0.680436
1532199389.094028,-3.306146,32.817558,-9.156337,-0.691790,0.082538,-0.218817,0.683179
1532199389.193758,-3.093382,33.740755,-9.497778,-0.691089,0.081803,-0.210356,0.686625
1532199389.342357,-1.992451,34.772387,-9.879319,-0.688420,0.086762,-0.200706,0.691569
1532199389.442160,-1.323920,35.199490,-10.448990,-0.685547,0.098541,-0.200825,0.692809
1532199389.541904,-0.871040,35.411565,-11.067360,-0.686187,0.112619,-0.202260,0.689606
1532199389.639626,-0.234744,35.337683,-11.848040,-0.690116,0.125461,-0.204918,0.682648
1532199389.739365,0.035141,35.622097,-12.255635,-0.698099,0.139488,-0.211754,0.669598
1532199389.887963,0.404604,36.515242,-13.003397,-0.713804,0.141701,-0.217588,0.650431
1532199389.987699,1.011547,37.866275,-13.395909,-0.723750,0.136639,-0.219815,0.639685
1532199390.087481,1.833635,40.248869,-14.003771,-0.730141,0.131043,-0.221225,0.633073
1532199390.187244,3.441686,44.282533,-14.419123,-0.734261,0.128513,-0.217334,0.630168
1532199390.335937,3.441686,44.282533,-14.419123,-0.735558,0.128164,-0.214234,0.629787
1532199390.435721,3.441686,44.282533,-14.419123,-0.737740,0.134330,-0.220026,0.623926
1532199390.584327,3.441686,44.282533,-14.419123,-0.738515,0.146599,-0.233037,0.615465
1532199390.684093,3.441686,44.282533,-14.419123,-0.737410,0.155334,-0.241180,0.611499
1532199390.783888,3.441686,44.282533,-14.419123,-0.736604,0.159728,-0.246861,0.609066
1532199390.883668,3.441686,44.282533,-14.419123,-0.735442,0.163323,-0.250316,0.608106
1532199391.032374,3.441686,44.282533,-14.419123,-0.734321,0.165568,-0.252913,0.607779
1532199391.132222,3.441686,44.282533,-14.419123,-0.734723,0.164799,-0.252444,0.607696
1532199391.231992,3.441686,44.282533,-14.419123,-0.735681,0.162255,-0.250731,0.607932
1532199391.329775,3.441686,44.282533,-14.419123,-0.736050,0.159262,-0.246947,0.609822
1532199391.480487,3.441686,44.282533,-14.419123,-0.736545,0.152688,-0.239365,0.613916
1532199391.580311,3.441686,44.282533,-14.419123,-0.737270,0.146788,-0.236318,0.615662
1532199391.678118,3.441686,44.282533,-14.419123,-0.738004,0.140110,-0.233944,0.617243
1532199391.777931,3.441686,44.282533,-14.419123,-0.737404,0.135696,-0.233697,0.619037
1532199391.877743,3.441686,44.282533,-14.419123,-0.734227,0.134818,-0.235229,0.622417
1532199392.026378,3.441686,44.282533,-14.419123,-0.727641,0.136414,-0.238437,0.628552
1532199392.126153,3.441686,44.282533,-14.419123,-0.723917,0.135876,-0.243431,0.631050
1532199392.225878,3.441686,44.282533,-14.419123,-0.721268,0.133242,-0.249325,0.632342
1532199392.325605,3.441686,44.282533,-14.419123,-0.718208,0.129459,-0.256226,0.633850
1532199392.425348,3.441686,44.282533,-14.419123,-0.714210,0.126299,-0.263731,0.635924
1532199392.573960,3.441686,44.282533,-14.419123,-0.709358,0.124518,-0.272728,0.637907
1532199392.673704,84.840270,109.551412,-7.757663,-0.706078,0.126295,-0.276836,0.639426
1532199392.822322,140.653507,170.317461,1.100727,-0.702874,0.132535,-0.276953,0.641639
1532199392.871184,160.194856,188.979930,-2.480485,-0.702214,0.134197,-0.275359,0.642700
1532199392.970926,263.298344,285.023795,16.112024,-0.703315,0.137704,-0.271368,0.642453
1532199393.070682,263.298344,285.023795,16.112024,-0.704150,0.140632,-0.268851,0.641962
